9.999989999999999712e-01
9.999939979989994621e-01
9.999889959979989529e-01
9.999839939969985547e-01
9.999789919959980455e-01
9.999739899949975364e-01
9.999689879939970272e-01
9.999639859929965180e-01
9.999589839919960088e-01
9.999539819909954996e-01
9.999489799899949904e-01
9.999439779889944813e-01
9.999389759879939721e-01
9.999339739869934629e-01
9.999289719859929537e-01
9.999239699849924445e-01
9.999189679839920464e-01
9.999139659829915372e-01
9.999089639819910280e-01
9.999039619809905188e-01
9.998989599799900096e-01
9.998939579789895005e-01
9.998889559779889913e-01
9.998839539769884821e-01
9.998789519759879729e-01
9.998739499749874637e-01
9.998689479739869546e-01
9.998639459729864454e-01
9.998589439719860472e-01
9.998539419709855380e-01
9.998489399699850289e-01
9.998439379689845197e-01
9.998389359679840105e-01
9.998339339669835013e-01
9.998289319659829921e-01
9.998239299649824829e-01
9.998189279639819738e-01
9.998139259629814646e-01
9.998089239619809554e-01
9.998039219609804462e-01
9.997989199599799370e-01
9.997939179589795389e-01
9.997889159579790297e-01
9.997839139569785205e-01
9.997789119559780113e-01
9.997739099549775021e-01
9.997689079539769930e-01
9.997639059529764838e-01
9.997589039519759746e-01
9.997539019509754654e-01
9.997488999499749562e-01
9.997438979489744471e-01
9.997388959479739379e-01
9.997338939469735397e-01
9.997288919459730305e-01
9.997238899449725213e-01
9.997188879439720122e-01
9.997138859429715030e-01
9.997088839419709938e-01
9.997038819409704846e-01
9.996988799399699754e-01
9.996938779389694663e-01
9.996888759379689571e-01
9.996838739369684479e-01
9.996788719359679387e-01
9.996738699349674295e-01
9.996688679339670314e-01
9.996638659329665222e-01
9.996588639319660130e-01
9.996538619309655038e-01
9.996488599299649946e-01
9.996438579289644855e-01
9.996388559279639763e-01
9.996338539269634671e-01
9.996288519259629579e-01
9.996238499249624487e-01
9.996188479239619395e-01
9.996138459229614304e-01
9.996088439219610322e-01
9.996038419209605230e-01
9.995988399199600138e-01
9.995938379189595047e-01
9.995888359179589955e-01
9.995838339169584863e-01
9.995788319159579771e-01
9.995738299149574679e-01
9.995688279139569588e-01
9.995638259129564496e-01
9.995588239119559404e-01
9.995538219109554312e-01
9.995488199099549220e-01
9.995438179089545239e-01
9.995388159079540147e-01
9.995338139069535055e-01
9.995288119059529963e-01
9.995238099049524871e-01
9.995188079039519780e-01
9.995138059029514688e-01
9.995088039019509596e-01
9.995038019009504504e-01
9.994987998999499412e-01
9.994937978989494320e-01
9.994887958979489229e-01
9.994837938969485247e-01
9.994787918959480155e-01
9.994737898949475063e-01
9.994687878939469972e-01
9.994637858929464880e-01
9.994587838919459788e-01
9.994537818909454696e-01
9.994487798899449604e-01
9.994437778889444512e-01
9.994387758879439421e-01
9.994337738869434329e-01
9.994287718859429237e-01
9.994237698849425255e-01
9.994187678839420164e-01
9.994137658829415072e-01
9.994087638819409980e-01
9.994037618809404888e-01
9.993987598799399796e-01
9.993937578789394705e-01
9.993887558779389613e-01
9.993837538769384521e-01
9.993787518759379429e-01
9.993737498749374337e-01
9.993687478739369245e-01
9.993637458729364154e-01
9.993587438719360172e-01
9.993537418709355080e-01
9.993487398699349988e-01
9.993437378689344897e-01
9.993387358679339805e-01
9.993337338669334713e-01
9.993287318659329621e-01
9.993237298649324529e-01
9.993187278639319437e-01
9.993137258629314346e-01
9.993087238619309254e-01
9.993037218609304162e-01
9.992987198599300180e-01
9.992937178589295089e-01
9.992887158579289997e-01
9.992837138569284905e-01
9.992787118559279813e-01
9.992737098549274721e-01
9.992687078539269629e-01
9.992637058529264538e-01
9.992587038519259446e-01
9.992537018509254354e-01
9.992486998499249262e-01
9.992436978489244170e-01
9.992386958479239079e-01
9.992336938469235097e-01
9.992286918459230005e-01
9.992236898449224913e-01
9.992186878439219822e-01
9.992136858429214730e-01
9.992086838419209638e-01
9.992036818409204546e-01
9.991986798399199454e-01
9.991936778389194362e-01
9.991886758379189271e-01
9.991836738369184179e-01
9.991786718359179087e-01
9.991736698349175105e-01
9.991686678339170014e-01
9.991636658329164922e-01
9.991586638319159830e-01
9.991536618309154738e-01
9.991486598299149646e-01
9.991436578289144554e-01
9.991386558279139463e-01
9.991336538269134371e-01
9.991286518259129279e-01
9.991236498249124187e-01
9.991186478239119095e-01
9.991136458229114004e-01
9.991086438219110022e-01
9.991036418209104930e-01
9.990986398199099838e-01
9.990936378189094746e-01
9.990886358179089655e-01
9.990836338169084563e-01
9.990786318159079471e-01
9.990736298149074379e-01
9.990686278139069287e-01
9.990636258129064196e-01
9.990586238119059104e-01
9.990536218109054012e-01
9.990486198099050030e-01
9.990436178089044938e-01
9.990386158079039847e-01
9.990336138069034755e-01
9.990286118059029663e-01
9.990236098049024571e-01
9.990186078039019479e-01
9.990136058029014388e-01
9.990086038019009296e-01
9.990036018009004204e-01
9.989985997998999112e-01
9.989935977988994020e-01
9.989885957978990039e-01
9.989835937968984947e-01
9.989785917958979855e-01
9.989735897948974763e-01
9.989685877938969671e-01
9.989635857928964580e-01
9.989585837918959488e-01
9.989535817908954396e-01
9.989485797898949304e-01
9.989435777888944212e-01
9.989385757878939121e-01
9.989335737868934029e-01
9.989285717858928937e-01
9.989235697848924955e-01
9.989185677838919863e-01
9.989135657828914772e-01
9.989085637818909680e-01
9.989035617808904588e-01
9.988985597798899496e-01
9.988935577788894404e-01
9.988885557778889313e-01
9.988835537768884221e-01
9.988785517758879129e-01
9.988735497748874037e-01
9.988685477738868945e-01
9.988635457728864964e-01
9.988585437718859872e-01
9.988535417708854780e-01
9.988485397698849688e-01
9.988435377688844596e-01
9.988385357678839505e-01
9.988335337668834413e-01
9.988285317658829321e-01
9.988235297648824229e-01
9.988185277638819137e-01
9.988135257628814045e-01
9.988085237618808954e-01
9.988035217608803862e-01
9.987985197598799880e-01
9.987935177588794788e-01
9.987885157578789697e-01
9.987835137568784605e-01
9.987785117558779513e-01
9.987735097548774421e-01
9.987685077538769329e-01
9.987635057528764237e-01
9.987585037518759146e-01
9.987535017508754054e-01
9.987484997498748962e-01
9.987434977488743870e-01
9.987384957478739889e-01
9.987334937468734797e-01
9.987284917458729705e-01
9.987234897448724613e-01
9.987184877438719521e-01
9.987134857428714430e-01
9.987084837418709338e-01
9.987034817408704246e-01
9.986984797398699154e-01
9.986934777388694062e-01
9.986884757378688970e-01
9.986834737368683879e-01
9.986784717358678787e-01
9.986734697348674805e-01
9.986684677338669713e-01
9.986634657328664622e-01
9.986584637318659530e-01
9.986534617308654438e-01
9.986484597298649346e-01
9.986434577288644254e-01
9.986384557278639162e-01
9.986334537268634071e-01
9.986284517258628979e-01
9.986234497248623887e-01
9.986184477238618795e-01
9.986134457228614814e-01
9.986084437218609722e-01
9.986034417208604630e-01
9.985984397198599538e-01
9.985934377188594446e-01
9.985884357178589354e-01
9.985834337168584263e-01
9.985784317158579171e-01
9.985734297148574079e-01
9.985684277138568987e-01
9.985634257128563895e-01
9.985584237118558804e-01
9.985534217108554822e-01
9.985484197098549730e-01
9.985434177088544638e-01
9.985384157078539547e-01
9.985334137068534455e-01
9.985284117058529363e-01
9.985234097048524271e-01
9.985184077038519179e-01
9.985134057028514087e-01
9.985084037018508996e-01
9.985034017008503904e-01
9.984983996998498812e-01
9.984933976988493720e-01
9.984883956978489739e-01
9.984833936968484647e-01
9.984783916958479555e-01
9.984733896948474463e-01
9.984683876938469371e-01
9.984633856928464279e-01
9.984583836918459188e-01
9.984533816908454096e-01
9.984483796898449004e-01
9.984433776888443912e-01
9.984383756878438820e-01
9.984333736868433729e-01
9.984283716858429747e-01
9.984233696848424655e-01
9.984183676838419563e-01
9.984133656828414471e-01
9.984083636818409380e-01
9.984033616808404288e-01
9.983983596798399196e-01
9.983933576788394104e-01
9.983883556778389012e-01
9.983833536768383921e-01
9.983783516758378829e-01
9.983733496748373737e-01
9.983683476738368645e-01
9.983633456728364663e-01
9.983583436718359572e-01
9.983533416708354480e-01
9.983483396698349388e-01
9.983433376688344296e-01
9.983383356678339204e-01
9.983333336668334113e-01
9.983283316658329021e-01
9.983233296648323929e-01
9.983183276638318837e-01
9.983133256628313745e-01
9.983083236618308653e-01
9.983033216608304672e-01
9.982983196598299580e-01
9.982933176588294488e-01
9.982883156578289396e-01
9.982833136568284305e-01
9.982783116558279213e-01
9.982733096548274121e-01
9.982683076538269029e-01
9.982633056528263937e-01
9.982583036518258846e-01
9.982533016508253754e-01
9.982482996498248662e-01
9.982432976488243570e-01
9.982382956478239588e-01
9.982332936468234497e-01
9.982282916458229405e-01
9.982232896448224313e-01
9.982182876438219221e-01
9.982132856428214129e-01
9.982082836418209038e-01
9.982032816408203946e-01
9.981982796398198854e-01
9.981932776388193762e-01
9.981882756378188670e-01
9.981832736368183578e-01
9.981782716358179597e-01
9.981732696348174505e-01
9.981682676338169413e-01
9.981632656328164321e-01
9.981582636318159230e-01
9.981532616308154138e-01
9.981482596298149046e-01
9.981432576288143954e-01
9.981382556278138862e-01
9.981332536268133770e-01
9.981282516258128679e-01
9.981232496248123587e-01
9.981182476238119605e-01
9.981132456228114513e-01
9.981082436218109422e-01
9.981032416208104330e-01
9.980982396198099238e-01
9.980932376188094146e-01
9.980882356178089054e-01
9.980832336168083962e-01
9.980782316158078871e-01
9.980732296148073779e-01
9.980682276138068687e-01
9.980632256128063595e-01
9.980582236118058503e-01
9.980532216108054522e-01
9.980482196098049430e-01
9.980432176088044338e-01
9.980382156078039246e-01
9.980332136068034155e-01
9.980282116058029063e-01
9.980232096048023971e-01
9.980182076038018879e-01
9.980132056028013787e-01
9.980082036018008695e-01
9.980032016008003604e-01
9.979981995997998512e-01
9.979931975987994530e-01
9.979881955977989438e-01
9.979831935967984347e-01
9.979781915957979255e-01
9.979731895947974163e-01
9.979681875937969071e-01
9.979631855927963979e-01
9.979581835917958887e-01
9.979531815907953796e-01
9.979481795897948704e-01
9.979431775887943612e-01
9.979381755877938520e-01
9.979331735867933428e-01
9.979281715857929447e-01
9.979231695847924355e-01
9.979181675837919263e-01
9.979131655827914171e-01
9.979081635817909079e-01
9.979031615807903988e-01
9.978981595797898896e-01
9.978931575787893804e-01
9.978881555777888712e-01
9.978831535767883620e-01
9.978781515757878529e-01
9.978731495747873437e-01
9.978681475737869455e-01
9.978631455727864363e-01
9.978581435717859272e-01
9.978531415707854180e-01
9.978481395697849088e-01
9.978431375687843996e-01
9.978381355677838904e-01
9.978331335667833812e-01
9.978281315657828721e-01
9.978231295647823629e-01
9.978181275637818537e-01
9.978131255627813445e-01
9.978081235617808353e-01
9.978031215607804372e-01
9.977981195597799280e-01
9.977931175587794188e-01
9.977881155577789096e-01
9.977831135567784004e-01
9.977781115557778913e-01
9.977731095547773821e-01
9.977681075537768729e-01
9.977631055527763637e-01
9.977581035517758545e-01
9.977531015507753454e-01
9.977480995497748362e-01
9.977430975487744380e-01
9.977380955477739288e-01
9.977330935467734196e-01
9.977280915457729105e-01
9.977230895447724013e-01
9.977180875437718921e-01
9.977130855427713829e-01
9.977080835417708737e-01
9.977030815407703646e-01
9.976980795397698554e-01
9.976930775387693462e-01
9.976880755377688370e-01
9.976830735367684388e-01
9.976780715357679297e-01
9.976730695347674205e-01
9.976680675337669113e-01
9.976630655327664021e-01
9.976580635317658929e-01
9.976530615307653838e-01
9.976480595297648746e-01
9.976430575287643654e-01
9.976380555277638562e-01
9.976330535267633470e-01
9.976280515257628378e-01
9.976230495247623287e-01
9.976180475237619305e-01
9.976130455227614213e-01
9.976080435217609121e-01
9.976030415207604030e-01
9.975980395197598938e-01
9.975930375187593846e-01
9.975880355177588754e-01
9.975830335167583662e-01
9.975780315157578571e-01
9.975730295147573479e-01
9.975680275137568387e-01
9.975630255127563295e-01
9.975580235117559313e-01
9.975530215107554222e-01
9.975480195097549130e-01
9.975430175087544038e-01
9.975380155077538946e-01
9.975330135067533854e-01
9.975280115057528763e-01
9.975230095047523671e-01
9.975180075037518579e-01
9.975130055027513487e-01
9.975080035017508395e-01
9.975030015007503303e-01
9.974979994997498212e-01
9.974929974987494230e-01
9.974879954977489138e-01
9.974829934967484046e-01
9.974779914957478955e-01
9.974729894947473863e-01
9.974679874937468771e-01
9.974629854927463679e-01
9.974579834917458587e-01
9.974529814907453495e-01
9.974479794897448404e-01
9.974429774887443312e-01
9.974379754877438220e-01
9.974329734867434238e-01
9.974279714857429147e-01
9.974229694847424055e-01
9.974179674837418963e-01
9.974129654827413871e-01
9.974079634817408779e-01
9.974029614807403687e-01
9.973979594797398596e-01
9.973929574787393504e-01
9.973879554777388412e-01
9.973829534767383320e-01
9.973779514757378228e-01
9.973729494747373137e-01
9.973679474737369155e-01
9.973629454727364063e-01
9.973579434717358971e-01
9.973529414707353880e-01
9.973479394697348788e-01
9.973429374687343696e-01
9.973379354677338604e-01
9.973329334667333512e-01
9.973279314657328420e-01
9.973229294647323329e-01
9.973179274637318237e-01
9.973129254627313145e-01
9.973079234617309163e-01
9.973029214607304072e-01
9.972979194597298980e-01
9.972929174587293888e-01
9.972879154577288796e-01
9.972829134567283704e-01
9.972779114557278612e-01
9.972729094547273521e-01
9.972679074537268429e-01
9.972629054527263337e-01
9.972579034517258245e-01
9.972529014507253153e-01
9.972478994497249172e-01
9.972428974487244080e-01
9.972378954477238988e-01
9.972328934467233896e-01
9.972278914457228804e-01
9.972228894447223713e-01
9.972178874437218621e-01
9.972128854427213529e-01
9.972078834417208437e-01
9.972028814407203345e-01
9.971978794397198254e-01
9.971928774387193162e-01
9.971878754377188070e-01
9.971828734367184088e-01
9.971778714357178997e-01
9.971728694347173905e-01
9.971678674337168813e-01
9.971628654327163721e-01
9.971578634317158629e-01
9.971528614307153537e-01
9.971478594297148446e-01
9.971428574287143354e-01
9.971378554277138262e-01
9.971328534267133170e-01
9.971278514257128078e-01
9.971228494247124097e-01
9.971178474237119005e-01
9.971128454227113913e-01
9.971078434217108821e-01
9.971028414207103729e-01
9.970978394197098638e-01
9.970928374187093546e-01
9.970878354177088454e-01
9.970828334167083362e-01
9.970778314157078270e-01
9.970728294147073179e-01
9.970678274137068087e-01
9.970628254127062995e-01
9.970578234117059013e-01
9.970528214107053921e-01
9.970478194097048830e-01
9.970428174087043738e-01
9.970378154077038646e-01
9.970328134067033554e-01
9.970278114057028462e-01
9.970228094047023371e-01
9.970178074037018279e-01
9.970128054027013187e-01
9.970078034017008095e-01
9.970028014007003003e-01
9.969977993996999022e-01
9.969927973986993930e-01
9.969877953976988838e-01
9.969827933966983746e-01
9.969777913956978654e-01
9.969727893946973563e-01
9.969677873936968471e-01
9.969627853926963379e-01
9.969577833916958287e-01
9.969527813906953195e-01
9.969477793896948103e-01
9.969427773886943012e-01
9.969377753876937920e-01
9.969327733866933938e-01
9.969277713856928846e-01
9.969227693846923755e-01
9.969177673836918663e-01
9.969127653826913571e-01
9.969077633816908479e-01
9.969027613806903387e-01
9.968977593796898296e-01
9.968927573786893204e-01
9.968877553776888112e-01
9.968827533766883020e-01
9.968777513756877928e-01
9.968727493746873947e-01
9.968677473736868855e-01
9.968627453726863763e-01
9.968577433716858671e-01
9.968527413706853579e-01
9.968477393696848488e-01
9.968427373686843396e-01
9.968377353676838304e-01
9.968327333666833212e-01
9.968277313656828120e-01
9.968227293646823028e-01
9.968177273636817937e-01
9.968127253626812845e-01
9.968077233616808863e-01
9.968027213606803771e-01
9.967977193596798680e-01
9.967927173586793588e-01
9.967877153576788496e-01
9.967827133566783404e-01
9.967777113556778312e-01
9.967727093546773220e-01
9.967677073536768129e-01
9.967627053526763037e-01
9.967577033516757945e-01
9.967527013506752853e-01
9.967476993496748872e-01
9.967426973486743780e-01
9.967376953476738688e-01
9.967326933466733596e-01
9.967276913456728504e-01
9.967226893446723412e-01
9.967176873436718321e-01
9.967126853426713229e-01
9.967076833416708137e-01
9.967026813406703045e-01
9.966976793396697953e-01
9.966926773386692862e-01
9.966876753376688880e-01
9.966826733366683788e-01
9.966776713356678696e-01
9.966726693346673605e-01
9.966676673336668513e-01
9.966626653326663421e-01
9.966576633316658329e-01
9.966526613306653237e-01
9.966476593296648145e-01
9.966426573286643054e-01
9.966376553276637962e-01
9.966326533266632870e-01
9.966276513256627778e-01
9.966226493246623797e-01
9.966176473236618705e-01
9.966126453226613613e-01
9.966076433216608521e-01
9.966026413206603429e-01
9.965976393196598337e-01
9.965926373186593246e-01
9.965876353176588154e-01
9.965826333166583062e-01
9.965776313156577970e-01
9.965726293146572878e-01
9.965676273136567787e-01
9.965626253126563805e-01
9.965576233116558713e-01
9.965526213106553621e-01
9.965476193096548529e-01
9.965426173086543438e-01
9.965376153076538346e-01
9.965326133066533254e-01
9.965276113056528162e-01
9.965226093046523070e-01
9.965176073036517979e-01
9.965126053026512887e-01
9.965076033016507795e-01
9.965026013006502703e-01
9.964975992996498722e-01
9.964925972986493630e-01
9.964875952976488538e-01
9.964825932966483446e-01
9.964775912956478354e-01
9.964725892946473262e-01
9.964675872936468171e-01
9.964625852926463079e-01
9.964575832916457987e-01
9.964525812906452895e-01
9.964475792896447803e-01
9.964425772886442711e-01
9.964375752876438730e-01
9.964325732866433638e-01
9.964275712856428546e-01
9.964225692846423454e-01
9.964175672836418363e-01
9.964125652826413271e-01
9.964075632816408179e-01
9.964025612806403087e-01
9.963975592796397995e-01
9.963925572786392904e-01
9.963875552776387812e-01
9.963825532766382720e-01
9.963775512756378738e-01
9.963725492746373646e-01
9.963675472736368555e-01
9.963625452726363463e-01
9.963575432716358371e-01
9.963525412706353279e-01
9.963475392696348187e-01
9.963425372686343096e-01
9.963375352676338004e-01
9.963325332666332912e-01
9.963275312656327820e-01
9.963225292646322728e-01
9.963175272636317636e-01
9.963125252626313655e-01
9.963075232616308563e-01
9.963025212606303471e-01
9.962975192596298379e-01
9.962925172586293288e-01
9.962875152576288196e-01
9.962825132566283104e-01
9.962775112556278012e-01
9.962725092546272920e-01
9.962675072536267828e-01
9.962625052526262737e-01
9.962575032516257645e-01
9.962525012506253663e-01
9.962474992496248571e-01
9.962424972486243480e-01
9.962374952476238388e-01
9.962324932466233296e-01
9.962274912456228204e-01
9.962224892446223112e-01
9.962174872436218021e-01
9.962124852426212929e-01
9.962074832416207837e-01
9.962024812406202745e-01
9.961974792396197653e-01
9.961924772386192561e-01
9.961874752376188580e-01
9.961824732366183488e-01
9.961774712356178396e-01
9.961724692346173304e-01
9.961674672336168213e-01
9.961624652326163121e-01
9.961574632316158029e-01
9.961524612306152937e-01
9.961474592296147845e-01
9.961424572286142753e-01
9.961374552276137662e-01
9.961324532266132570e-01
9.961274512256128588e-01
9.961224492246123496e-01
9.961174472236118405e-01
9.961124452226113313e-01
9.961074432216108221e-01
9.961024412206103129e-01
9.960974392196098037e-01
9.960924372186092945e-01
9.960874352176087854e-01
9.960824332166082762e-01
9.960774312156077670e-01
9.960724292146072578e-01
9.960674272136067486e-01
9.960624252126063505e-01
9.960574232116058413e-01
9.960524212106053321e-01
9.960474192096048229e-01
9.960424172086043137e-01
9.960374152076038046e-01
9.960324132066032954e-01
9.960274112056027862e-01
9.960224092046022770e-01
9.960174072036017678e-01
9.960124052026012587e-01
9.960074032016007495e-01
9.960024012006003513e-01
9.959973991995998421e-01
9.959923971985993330e-01
9.959873951975988238e-01
9.959823931965983146e-01
9.959773911955978054e-01
9.959723891945972962e-01
9.959673871935967870e-01
9.959623851925962779e-01
9.959573831915957687e-01
9.959523811905952595e-01
9.959473791895947503e-01
9.959423771885942411e-01
9.959373751875938430e-01
9.959323731865933338e-01
9.959273711855928246e-01
9.959223691845923154e-01
9.959173671835918062e-01
9.959123651825912971e-01
9.959073631815907879e-01
9.959023611805902787e-01
9.958973591795897695e-01
9.958923571785892603e-01
9.958873551775887512e-01
9.958823531765882420e-01
9.958773511755878438e-01
9.958723491745873346e-01
9.958673471735868254e-01
9.958623451725863163e-01
9.958573431715858071e-01
9.958523411705852979e-01
9.958473391695847887e-01
9.958423371685842795e-01
9.958373351675837704e-01
9.958323331665832612e-01
9.958273311655827520e-01
9.958223291645822428e-01
9.958173271635818447e-01
9.958123251625813355e-01
9.958073231615808263e-01
9.958023211605803171e-01
9.957973191595798079e-01
9.957923171585792987e-01
9.957873151575787896e-01
9.957823131565782804e-01
9.957773111555777712e-01
9.957723091545772620e-01
9.957673071535767528e-01
9.957623051525762436e-01
9.957573031515757345e-01
9.957523011505753363e-01
9.957472991495748271e-01
9.957422971485743179e-01
9.957372951475738088e-01
9.957322931465732996e-01
9.957272911455727904e-01
9.957222891445722812e-01
9.957172871435717720e-01
9.957122851425712629e-01
9.957072831415707537e-01
9.957022811405702445e-01
9.956972791395697353e-01
9.956922771385693371e-01
9.956872751375688280e-01
9.956822731365683188e-01
9.956772711355678096e-01
9.956722691345673004e-01
9.956672671335667912e-01
9.956622651325662821e-01
9.956572631315657729e-01
9.956522611305652637e-01
9.956472591295647545e-01
9.956422571285642453e-01
9.956372551275637361e-01
9.956322531265632270e-01
9.956272511255628288e-01
9.956222491245623196e-01
9.956172471235618104e-01
9.956122451225613013e-01
9.956072431215607921e-01
9.956022411205602829e-01
9.955972391195597737e-01
9.955922371185592645e-01
9.955872351175587553e-01
9.955822331165582462e-01
9.955772311155577370e-01
9.955722291145572278e-01
9.955672271135568296e-01
9.955622251125563205e-01
9.955572231115558113e-01
9.955522211105553021e-01
9.955472191095547929e-01
9.955422171085542837e-01
9.955372151075537746e-01
9.955322131065532654e-01
9.955272111055527562e-01
9.955222091045522470e-01
9.955172071035517378e-01
9.955122051025512286e-01
9.955072031015508305e-01
9.955022011005503213e-01
9.954971990995498121e-01
9.954921970985493029e-01
9.954871950975487938e-01
9.954821930965482846e-01
9.954771910955477754e-01
9.954721890945472662e-01
9.954671870935467570e-01
9.954621850925462478e-01
9.954571830915457387e-01
9.954521810905452295e-01
9.954471790895447203e-01
9.954421770885443221e-01
9.954371750875438130e-01
9.954321730865433038e-01
9.954271710855427946e-01
9.954221690845422854e-01
9.954171670835417762e-01
9.954121650825412670e-01
9.954071630815407579e-01
9.954021610805402487e-01
9.953971590795397395e-01
9.953921570785392303e-01
9.953871550775387211e-01
9.953821530765383230e-01
9.953771510755378138e-01
9.953721490745373046e-01
9.953671470735367954e-01
9.953621450725362862e-01
9.953571430715357771e-01
9.953521410705352679e-01
9.953471390695347587e-01
9.953421370685342495e-01
9.953371350675337403e-01
9.953321330665332312e-01
9.953271310655327220e-01
9.953221290645322128e-01
9.953171270635318146e-01
9.953121250625313055e-01
9.953071230615307963e-01
9.953021210605302871e-01
9.952971190595297779e-01
9.952921170585292687e-01
9.952871150575287595e-01
9.952821130565282504e-01
9.952771110555277412e-01
9.952721090545272320e-01
9.952671070535267228e-01
9.952621050525262136e-01
9.952571030515258155e-01
9.952521010505253063e-01
9.952470990495247971e-01
9.952420970485242879e-01
9.952370950475237787e-01
9.952320930465232696e-01
9.952270910455227604e-01
9.952220890445222512e-01
9.952170870435217420e-01
9.952120850425212328e-01
9.952070830415207237e-01
9.952020810405202145e-01
9.951970790395197053e-01
9.951920770385193071e-01
9.951870750375187979e-01
9.951820730365182888e-01
9.951770710355177796e-01
9.951720690345172704e-01
9.951670670335167612e-01
9.951620650325162520e-01
9.951570630315157429e-01
9.951520610305152337e-01
9.951470590295147245e-01
9.951420570285142153e-01
9.951370550275137061e-01
9.951320530265133080e-01
9.951270510255127988e-01
9.951220490245122896e-01
9.951170470235117804e-01
9.951120450225112712e-01
9.951070430215107621e-01
9.951020410205102529e-01
9.950970390195097437e-01
9.950920370185092345e-01
9.950870350175087253e-01
9.950820330165082161e-01
9.950770310155077070e-01
9.950720290145071978e-01
9.950670270135067996e-01
9.950620250125062904e-01
9.950570230115057813e-01
9.950520210105052721e-01
9.950470190095047629e-01
9.950420170085042537e-01
9.950370150075037445e-01
9.950320130065032354e-01
9.950270110055027262e-01
9.950220090045022170e-01
9.950170070035017078e-01
9.950120050025011986e-01
9.950070030015008005e-01
9.950020010005002913e-01
9.949969989994997821e-01
9.949919969984992729e-01
9.949869949974987637e-01
9.949819929964982546e-01
9.949769909954977454e-01
9.949719889944972362e-01
9.949669869934967270e-01
9.949619849924962178e-01
9.949569829914957086e-01
9.949519809904951995e-01
9.949469789894948013e-01
9.949419769884942921e-01
9.949369749874937829e-01
9.949319729864932738e-01
9.949269709854927646e-01
9.949219689844922554e-01
9.949169669834917462e-01
9.949119649824912370e-01
9.949069629814907278e-01
9.949019609804902187e-01
9.948969589794897095e-01
9.948919569784892003e-01
9.948869549774886911e-01
9.948819529764882930e-01
9.948769509754877838e-01
9.948719489744872746e-01
9.948669469734867654e-01
9.948619449724862562e-01
9.948569429714857471e-01
9.948519409704852379e-01
9.948469389694847287e-01
9.948419369684842195e-01
9.948369349674837103e-01
9.948319329664832011e-01
9.948269309654826920e-01
9.948219289644822938e-01
9.948169269634817846e-01
9.948119249624812754e-01
9.948069229614807663e-01
9.948019209604802571e-01
9.947969189594797479e-01
9.947919169584792387e-01
9.947869149574787295e-01
9.947819129564782203e-01
9.947769109554777112e-01
9.947719089544772020e-01
9.947669069534766928e-01
9.947619049524761836e-01
9.947569029514757855e-01
9.947519009504752763e-01
9.947468989494747671e-01
9.947418969484742579e-01
9.947368949474737487e-01
9.947318929464732395e-01
9.947268909454727304e-01
9.947218889444722212e-01
9.947168869434717120e-01
9.947118849424712028e-01
9.947068829414706936e-01
9.947018809404701845e-01
9.946968789394697863e-01
9.946918769384692771e-01
9.946868749374687679e-01
9.946818729364682588e-01
9.946768709354677496e-01
9.946718689344672404e-01
9.946668669334667312e-01
9.946618649324662220e-01
9.946568629314657128e-01
9.946518609304652037e-01
9.946468589294646945e-01
9.946418569284641853e-01
9.946368549274636761e-01
9.946318529264632780e-01
9.946268509254627688e-01
9.946218489244622596e-01
9.946168469234617504e-01
9.946118449224612412e-01
9.946068429214607320e-01
9.946018409204602229e-01
9.945968389194597137e-01
9.945918369184592045e-01
9.945868349174586953e-01
9.945818329164581861e-01
9.945768309154576770e-01
9.945718289144572788e-01
9.945668269134567696e-01
9.945618249124562604e-01
9.945568229114557512e-01
9.945518209104552421e-01
9.945468189094547329e-01
9.945418169084542237e-01
9.945368149074537145e-01
9.945318129064532053e-01
9.945268109054526962e-01
9.945218089044521870e-01
9.945168069034516778e-01
9.945118049024512796e-01
9.945068029014507704e-01
9.945018009004502613e-01
9.944967988994497521e-01
9.944917968984492429e-01
9.944867948974487337e-01
9.944817928964482245e-01
9.944767908954477154e-01
9.944717888944472062e-01
9.944667868934466970e-01
9.944617848924461878e-01
9.944567828914456786e-01
9.944517808904451694e-01
9.944467788894447713e-01
9.944417768884442621e-01
9.944367748874437529e-01
9.944317728864432437e-01
9.944267708854427346e-01
9.944217688844422254e-01
9.944167668834417162e-01
9.944117648824412070e-01
9.944067628814406978e-01
9.944017608804401887e-01
9.943967588794396795e-01
9.943917568784391703e-01
9.943867548774387721e-01
9.943817528764382629e-01
9.943767508754377538e-01
9.943717488744372446e-01
9.943667468734367354e-01
9.943617448724362262e-01
9.943567428714357170e-01
9.943517408704352079e-01
9.943467388694346987e-01
9.943417368684341895e-01
9.943367348674336803e-01
9.943317328664331711e-01
9.943267308654326619e-01
9.943217288644322638e-01
9.943167268634317546e-01
9.943117248624312454e-01
9.943067228614307362e-01
9.943017208604302271e-01
9.942967188594297179e-01
9.942917168584292087e-01
9.942867148574286995e-01
9.942817128564281903e-01
9.942767108554276811e-01
9.942717088544271720e-01
9.942667068534266628e-01
9.942617048524262646e-01
9.942567028514257554e-01
9.942517008504252463e-01
9.942466988494247371e-01
9.942416968484242279e-01
9.942366948474237187e-01
9.942316928464232095e-01
9.942266908454227003e-01
9.942216888444221912e-01
9.942166868434216820e-01
9.942116848424211728e-01
9.942066828414206636e-01
9.942016808404201544e-01
9.941966788394197563e-01
9.941916768384192471e-01
9.941866748374187379e-01
9.941816728364182287e-01
9.941766708354177196e-01
9.941716688344172104e-01
9.941666668334167012e-01
9.941616648324161920e-01
9.941566628314156828e-01
9.941516608304151736e-01
9.941466588294146645e-01
9.941416568284141553e-01
9.941366548274137571e-01
9.941316528264132479e-01
9.941266508254127388e-01
9.941216488244122296e-01
9.941166468234117204e-01
9.941116448224112112e-01
9.941066428214107020e-01
9.941016408204101928e-01
9.940966388194096837e-01
9.940916368184091745e-01
9.940866348174086653e-01
9.940816328164081561e-01
9.940766308154077580e-01
9.940716288144072488e-01
9.940666268134067396e-01
9.940616248124062304e-01
9.940566228114057212e-01
9.940516208104052120e-01
9.940466188094047029e-01
9.940416168084041937e-01
9.940366148074036845e-01
9.940316128064031753e-01
9.940266108054026661e-01
9.940216088044021570e-01
9.940166068034016478e-01
9.940116048024012496e-01
9.940066028014007404e-01
9.940016008004002313e-01
9.939965987993997221e-01
9.939915967983992129e-01
9.939865947973987037e-01
9.939815927963981945e-01
9.939765907953976853e-01
9.939715887943971762e-01
9.939665867933966670e-01
9.939615847923961578e-01
9.939565827913956486e-01
9.939515807903952505e-01
9.939465787893947413e-01
9.939415767883942321e-01
9.939365747873937229e-01
9.939315727863932137e-01
9.939265707853927045e-01
9.939215687843921954e-01
9.939165667833916862e-01
9.939115647823911770e-01
9.939065627813906678e-01
9.939015607803901586e-01
9.938965587793896495e-01
9.938915567783891403e-01
9.938865547773887421e-01
9.938815527763882329e-01
9.938765507753877237e-01
9.938715487743872146e-01
9.938665467733867054e-01
9.938615447723861962e-01
9.938565427713856870e-01
9.938515407703851778e-01
9.938465387693846687e-01
9.938415367683841595e-01
9.938365347673836503e-01
9.938315327663831411e-01
9.938265307653827429e-01
9.938215287643822338e-01
9.938165267633817246e-01
9.938115247623812154e-01
9.938065227613807062e-01
9.938015207603801970e-01
9.937965187593796879e-01
9.937915167583791787e-01
9.937865147573786695e-01
9.937815127563781603e-01
9.937765107553776511e-01
9.937715087543771419e-01
9.937665067533766328e-01
9.937615047523762346e-01
9.937565027513757254e-01
9.937515007503752162e-01
9.937464987493747071e-01
9.937414967483741979e-01
9.937364947473736887e-01
9.937314927463731795e-01
9.937264907453726703e-01
9.937214887443721612e-01
9.937164867433716520e-01
9.937114847423711428e-01
9.937064827413706336e-01
9.937014807403702354e-01
9.936964787393697263e-01
9.936914767383692171e-01
9.936864747373687079e-01
9.936814727363681987e-01
9.936764707353676895e-01
9.936714687343671804e-01
9.936664667333666712e-01
9.936614647323661620e-01
9.936564627313656528e-01
9.936514607303651436e-01
9.936464587293646344e-01
9.936414567283642363e-01
9.936364547273637271e-01
9.936314527263632179e-01
9.936264507253627087e-01
9.936214487243621996e-01
9.936164467233616904e-01
9.936114447223611812e-01
9.936064427213606720e-01
9.936014407203601628e-01
9.935964387193596536e-01
9.935914367183591445e-01
9.935864347173586353e-01
9.935814327163581261e-01
9.935764307153577279e-01
9.935714287143572188e-01
9.935664267133567096e-01
9.935614247123562004e-01
9.935564227113556912e-01
9.935514207103551820e-01
9.935464187093546728e-01
9.935414167083541637e-01
9.935364147073536545e-01
9.935314127063531453e-01
9.935264107053526361e-01
9.935214087043521269e-01
9.935164067033517288e-01
9.935114047023512196e-01
9.935064027013507104e-01
9.935014007003502012e-01
9.934963986993496921e-01
9.934913966983491829e-01
9.934863946973486737e-01
9.934813926963481645e-01
9.934763906953476553e-01
9.934713886943471461e-01
9.934663866933466370e-01
9.934613846923461278e-01
9.934563826913456186e-01
9.934513806903452204e-01
9.934463786893447113e-01
9.934413766883442021e-01
9.934363746873436929e-01
9.934313726863431837e-01
9.934263706853426745e-01
9.934213686843421653e-01
9.934163666833416562e-01
9.934113646823411470e-01
9.934063626813406378e-01
9.934013606803401286e-01
9.933963586793396194e-01
9.933913566783392213e-01
9.933863546773387121e-01
9.933813526763382029e-01
9.933763506753376937e-01
9.933713486743371845e-01
9.933663466733366754e-01
9.933613446723361662e-01
9.933563426713356570e-01
9.933513406703351478e-01
9.933463386693346386e-01
9.933413366683341295e-01
9.933363346673336203e-01
9.933313326663331111e-01
9.933263306653327129e-01
9.933213286643322038e-01
9.933163266633316946e-01
9.933113246623311854e-01
9.933063226613306762e-01
9.933013206603301670e-01
9.932963186593296578e-01
9.932913166583291487e-01
9.932863146573286395e-01
9.932813126563281303e-01
9.932763106553276211e-01
9.932713086543271119e-01
9.932663066533267138e-01
9.932613046523262046e-01
9.932563026513256954e-01
9.932513006503251862e-01
9.932462986493246770e-01
9.932412966483241679e-01
9.932362946473236587e-01
9.932312926463231495e-01
9.932262906453226403e-01
9.932212886443221311e-01
9.932162866433216220e-01
9.932112846423211128e-01
9.932062826413206036e-01
9.932012806403202054e-01
9.931962786393196962e-01
9.931912766383191871e-01
9.931862746373186779e-01
9.931812726363181687e-01
9.931762706353176595e-01
9.931712686343171503e-01
9.931662666333166412e-01
9.931612646323161320e-01
9.931562626313156228e-01
9.931512606303151136e-01
9.931462586293146044e-01
9.931412566283142063e-01
9.931362546273136971e-01
9.931312526263131879e-01
9.931262506253126787e-01
9.931212486243121695e-01
9.931162466233116604e-01
9.931112446223111512e-01
9.931062426213106420e-01
9.931012406203101328e-01
9.930962386193096236e-01
9.930912366183091144e-01
9.930862346173086053e-01
9.930812326163082071e-01
9.930762306153076979e-01
9.930712286143071887e-01
9.930662266133066796e-01
9.930612246123061704e-01
9.930562226113056612e-01
9.930512206103051520e-01
9.930462186093046428e-01
9.930412166083041337e-01
9.930362146073036245e-01
9.930312126063031153e-01
9.930262106053026061e-01
9.930212086043020969e-01
9.930162066033016988e-01
9.930112046023011896e-01
9.930062026013006804e-01
9.930012006003001712e-01
9.929961985992996620e-01
9.929911965982991529e-01
9.929861945972986437e-01
9.929811925962981345e-01
9.929761905952976253e-01
9.929711885942971161e-01
9.929661865932966069e-01
9.929611845922960978e-01
9.929561825912956996e-01
9.929511805902951904e-01
9.929461785892946812e-01
9.929411765882941721e-01
9.929361745872936629e-01
9.929311725862931537e-01
9.929261705852926445e-01
9.929211685842921353e-01
9.929161665832916261e-01
9.929111645822911170e-01
9.929061625812906078e-01
9.929011605802900986e-01
9.928961585792895894e-01
9.928911565782891913e-01
9.928861545772886821e-01
9.928811525762881729e-01
9.928761505752876637e-01
9.928711485742871545e-01
9.928661465732866453e-01
9.928611445722861362e-01
9.928561425712856270e-01
9.928511405702851178e-01
9.928461385692846086e-01
9.928411365682840994e-01
9.928361345672835903e-01
9.928311325662831921e-01
9.928261305652826829e-01
9.928211285642821737e-01
9.928161265632816646e-01
9.928111245622811554e-01
9.928061225612806462e-01
9.928011205602801370e-01
9.927961185592796278e-01
9.927911165582791186e-01
9.927861145572786095e-01
9.927811125562781003e-01
9.927761105552775911e-01
9.927711085542771929e-01
9.927661065532766838e-01
9.927611045522761746e-01
9.927561025512756654e-01
9.927511005502751562e-01
9.927460985492746470e-01
9.927410965482741378e-01
9.927360945472736287e-01
9.927310925462731195e-01
9.927260905452726103e-01
9.927210885442721011e-01
9.927160865432715919e-01
9.927110845422710828e-01
9.927060825412706846e-01
9.927010805402701754e-01
9.926960785392696662e-01
9.926910765382691570e-01
9.926860745372686479e-01
9.926810725362681387e-01
9.926760705352676295e-01
9.926710685342671203e-01
9.926660665332666111e-01
9.926610645322661020e-01
9.926560625312655928e-01
9.926510605302650836e-01
9.926460585292646854e-01
9.926410565282641763e-01
9.926360545272636671e-01
9.926310525262631579e-01
9.926260505252626487e-01
9.926210485242621395e-01
9.926160465232616303e-01
9.926110445222611212e-01
9.926060425212606120e-01
9.926010405202601028e-01
9.925960385192595936e-01
9.925910365182590844e-01
9.925860345172585752e-01
9.925810325162581771e-01
9.925760305152576679e-01
9.925710285142571587e-01
9.925660265132566495e-01
9.925610245122561404e-01
9.925560225112556312e-01
9.925510205102551220e-01
9.925460185092546128e-01
9.925410165082541036e-01
9.925360145072535945e-01
9.925310125062530853e-01
9.925260105052525761e-01
9.925210085042521779e-01
9.925160065032516687e-01
9.925110045022511596e-01
9.925060025012506504e-01
9.925010005002501412e-01
9.924959984992496320e-01
9.924909964982491228e-01
9.924859944972486137e-01
9.924809924962481045e-01
9.924759904952475953e-01
9.924709884942470861e-01
9.924659864932465769e-01
9.924609844922460677e-01
9.924559824912456696e-01
9.924509804902451604e-01
9.924459784892446512e-01
9.924409764882441420e-01
9.924359744872436329e-01
9.924309724862431237e-01
9.924259704852426145e-01
9.924209684842421053e-01
9.924159664832415961e-01
9.924109644822410869e-01
9.924059624812405778e-01
9.924009604802400686e-01
9.923959584792396704e-01
9.923909564782391612e-01
9.923859544772386521e-01
9.923809524762381429e-01
9.923759504752376337e-01
9.923709484742371245e-01
9.923659464732366153e-01
9.923609444722361062e-01
9.923559424712355970e-01
9.923509404702350878e-01
9.923459384692345786e-01
9.923409364682340694e-01
9.923359344672335602e-01
9.923309324662331621e-01
9.923259304652326529e-01
9.923209284642321437e-01
9.923159264632316345e-01
9.923109244622311254e-01
9.923059224612306162e-01
9.923009204602301070e-01
9.922959184592295978e-01
9.922909164582290886e-01
9.922859144572285794e-01
9.922809124562280703e-01
9.922759104552275611e-01
9.922709084542271629e-01
9.922659064532266537e-01
9.922609044522261446e-01
9.922559024512256354e-01
9.922509004502251262e-01
9.922458984492246170e-01
9.922408964482241078e-01
9.922358944472235986e-01
9.922308924462230895e-01
9.922258904452225803e-01
9.922208884442220711e-01
9.922158864432215619e-01
9.922108844422211638e-01
9.922058824412206546e-01
9.922008804402201454e-01
9.921958784392196362e-01
9.921908764382191270e-01
9.921858744372186178e-01
9.921808724362181087e-01
9.921758704352175995e-01
9.921708684342170903e-01
9.921658664332165811e-01
9.921608644322160719e-01
9.921558624312155628e-01
9.921508604302150536e-01
9.921458584292146554e-01
9.921408564282141462e-01
9.921358544272136371e-01
9.921308524262131279e-01
9.921258504252126187e-01
9.921208484242121095e-01
9.921158464232116003e-01
9.921108444222110911e-01
9.921058424212105820e-01
9.921008404202100728e-01
9.920958384192095636e-01
9.920908364182090544e-01
9.920858344172086563e-01
9.920808324162081471e-01
9.920758304152076379e-01
9.920708284142071287e-01
9.920658264132066195e-01
9.920608244122061103e-01
9.920558224112056012e-01
9.920508204102050920e-01
9.920458184092045828e-01
9.920408164082040736e-01
9.920358144072035644e-01
9.920308124062030553e-01
9.920258104052026571e-01
9.920208084042021479e-01
9.920158064032016387e-01
9.920108044022011295e-01
9.920058024012006204e-01
9.920008004002001112e-01
9.919957983991996020e-01
9.919907963981990928e-01
9.919857943971985836e-01
9.919807923961980745e-01
9.919757903951975653e-01
9.919707883941970561e-01
9.919657863931965469e-01
9.919607843921961488e-01
9.919557823911956396e-01
9.919507803901951304e-01
9.919457783891946212e-01
9.919407763881941120e-01
9.919357743871936028e-01
9.919307723861930937e-01
9.919257703851925845e-01
9.919207683841920753e-01
9.919157663831915661e-01
9.919107643821910569e-01
9.919057623811905477e-01
9.919007603801901496e-01
9.918957583791896404e-01
9.918907563781891312e-01
9.918857543771886220e-01
9.918807523761881129e-01
9.918757503751876037e-01
9.918707483741870945e-01
9.918657463731865853e-01
9.918607443721860761e-01
9.918557423711855670e-01
9.918507403701850578e-01
9.918457383691845486e-01
9.918407363681840394e-01
9.918357343671836412e-01
9.918307323661831321e-01
9.918257303651826229e-01
9.918207283641821137e-01
9.918157263631816045e-01
9.918107243621810953e-01
9.918057223611805862e-01
9.918007203601800770e-01
9.917957183591795678e-01
9.917907163581790586e-01
9.917857143571785494e-01
9.917807123561780402e-01
9.917757103551776421e-01
9.917707083541771329e-01
9.917657063531766237e-01
9.917607043521761145e-01
9.917557023511756054e-01
9.917507003501750962e-01
9.917456983491745870e-01
9.917406963481740778e-01
9.917356943471735686e-01
9.917306923461730594e-01
9.917256903451725503e-01
9.917206883441720411e-01
9.917156863431715319e-01
9.917106843421711337e-01
9.917056823411706246e-01
9.917006803401701154e-01
9.916956783391696062e-01
9.916906763381690970e-01
9.916856743371685878e-01
9.916806723361680787e-01
9.916756703351675695e-01
9.916706683341670603e-01
9.916656663331665511e-01
9.916606643321660419e-01
9.916556623311655327e-01
9.916506603301651346e-01
9.916456583291646254e-01
9.916406563281641162e-01
9.916356543271636070e-01
9.916306523261630979e-01
9.916256503251625887e-01
9.916206483241620795e-01
9.916156463231615703e-01
9.916106443221610611e-01
9.916056423211605519e-01
9.916006403201600428e-01
9.915956383191595336e-01
9.915906363181590244e-01
9.915856343171586262e-01
9.915806323161581171e-01
9.915756303151576079e-01
9.915706283141570987e-01
9.915656263131565895e-01
9.915606243121560803e-01
9.915556223111555711e-01
9.915506203101550620e-01
9.915456183091545528e-01
9.915406163081540436e-01
9.915356143071535344e-01
9.915306123061530252e-01
9.915256103051526271e-01
9.915206083041521179e-01
9.915156063031516087e-01
9.915106043021510995e-01
9.915056023011505903e-01
9.915006003001500812e-01
9.914955982991495720e-01
9.914905962981490628e-01
9.914855942971485536e-01
9.914805922961480444e-01
9.914755902951475353e-01
9.914705882941470261e-01
9.914655862931465169e-01
9.914605842921461187e-01
9.914555822911456096e-01
9.914505802901451004e-01
9.914455782891445912e-01
9.914405762881440820e-01
9.914355742871435728e-01
9.914305722861430636e-01
9.914255702851425545e-01
9.914205682841420453e-01
9.914155662831415361e-01
9.914105642821410269e-01
9.914055622811405177e-01
9.914005602801401196e-01
9.913955582791396104e-01
9.913905562781391012e-01
9.913855542771385920e-01
9.913805522761380828e-01
9.913755502751375737e-01
9.913705482741370645e-01
9.913655462731365553e-01
9.913605442721360461e-01
9.913555422711355369e-01
9.913505402701350278e-01
9.913455382691345186e-01
9.913405362681341204e-01
9.913355342671336112e-01
9.913305322661331020e-01
9.913255302651325929e-01
9.913205282641320837e-01
9.913155262631315745e-01
9.913105242621310653e-01
9.913055222611305561e-01
9.913005202601300470e-01
9.912955182591295378e-01
9.912905162581290286e-01
9.912855142571285194e-01
9.912805122561280102e-01
9.912755102551276121e-01
9.912705082541271029e-01
9.912655062531265937e-01
9.912605042521260845e-01
9.912555022511255753e-01
9.912505002501250662e-01
9.912454982491245570e-01
9.912404962481240478e-01
9.912354942471235386e-01
9.912304922461230294e-01
9.912254902451225202e-01
9.912204882441220111e-01
9.912154862431216129e-01
9.912104842421211037e-01
9.912054822411205945e-01
9.912004802401200854e-01
9.911954782391195762e-01
9.911904762381190670e-01
9.911854742371185578e-01
9.911804722361180486e-01
9.911754702351175395e-01
9.911704682341170303e-01
9.911654662331165211e-01
9.911604642321160119e-01
9.911554622311155027e-01
9.911504602301151046e-01
9.911454582291145954e-01
9.911404562281140862e-01
9.911354542271135770e-01
9.911304522261130678e-01
9.911254502251125587e-01
9.911204482241120495e-01
9.911154462231115403e-01
9.911104442221110311e-01
9.911054422211105219e-01
9.911004402201100127e-01
9.910954382191095036e-01
9.910904362181091054e-01
9.910854342171085962e-01
9.910804322161080870e-01
9.910754302151075779e-01
9.910704282141070687e-01
9.910654262131065595e-01
9.910604242121060503e-01
9.910554222111055411e-01
9.910504202101050319e-01
9.910454182091045228e-01
9.910404162081040136e-01
9.910354142071035044e-01
9.910304122061031062e-01
9.910254102051025971e-01
9.910204082041020879e-01
9.910154062031015787e-01
9.910104042021010695e-01
9.910054022011005603e-01
9.910004002001000512e-01
9.909953981990995420e-01
9.909903961980990328e-01
9.909853941970985236e-01
9.909803921960980144e-01
9.909753901950975052e-01
9.909703881940969961e-01
9.909653861930965979e-01
9.909603841920960887e-01
9.909553821910955795e-01
9.909503801900950704e-01
9.909453781890945612e-01
9.909403761880940520e-01
9.909353741870935428e-01
9.909303721860930336e-01
9.909253701850925244e-01
9.909203681840920153e-01
9.909153661830915061e-01
9.909103641820909969e-01
9.909053621810905987e-01
9.909003601800900896e-01
9.908953581790895804e-01
9.908903561780890712e-01
9.908853541770885620e-01
9.908803521760880528e-01
9.908753501750875436e-01
9.908703481740870345e-01
9.908653461730865253e-01
9.908603441720860161e-01
9.908553421710855069e-01
9.908503401700849977e-01
9.908453381690844886e-01
9.908403361680840904e-01
9.908353341670835812e-01
9.908303321660830720e-01
9.908253301650825628e-01
9.908203281640820537e-01
9.908153261630815445e-01
9.908103241620810353e-01
9.908053221610805261e-01
9.908003201600800169e-01
9.907953181590795078e-01
9.907903161580789986e-01
9.907853141570784894e-01
9.907803121560780912e-01
9.907753101550775821e-01
9.907703081540770729e-01
9.907653061530765637e-01
9.907603041520760545e-01
9.907553021510755453e-01
9.907503001500750361e-01
9.907452981490745270e-01
9.907402961480740178e-01
9.907352941470735086e-01
9.907302921460729994e-01
9.907252901450724902e-01
9.907202881440719811e-01
9.907152861430715829e-01
9.907102841420710737e-01
9.907052821410705645e-01
9.907002801400700553e-01
9.906952781390695462e-01
9.906902761380690370e-01
9.906852741370685278e-01
9.906802721360680186e-01
9.906752701350675094e-01
9.906702681340670003e-01
9.906652661330664911e-01
9.906602641320659819e-01
9.906552621310655837e-01
9.906502601300650745e-01
9.906452581290645654e-01
9.906402561280640562e-01
9.906352541270635470e-01
9.906302521260630378e-01
9.906252501250625286e-01
9.906202481240620195e-01
9.906152461230615103e-01
9.906102441220610011e-01
9.906052421210604919e-01
9.906002401200599827e-01
9.905952381190594735e-01
9.905902361180590754e-01
9.905852341170585662e-01
9.905802321160580570e-01
9.905752301150575478e-01
9.905702281140570387e-01
9.905652261130565295e-01
9.905602241120560203e-01
9.905552221110555111e-01
9.905502201100550019e-01
9.905452181090544927e-01
9.905402161080539836e-01
9.905352141070534744e-01
9.905302121060530762e-01
9.905252101050525670e-01
9.905202081040520579e-01
9.905152061030515487e-01
9.905102041020510395e-01
9.905052021010505303e-01
9.905002001000500211e-01
9.904951980990495120e-01
9.904901960980490028e-01
9.904851940970484936e-01
9.904801920960479844e-01
9.904751900950474752e-01
9.904701880940470771e-01
9.904651860930465679e-01
9.904601840920460587e-01
9.904551820910455495e-01
9.904501800900450403e-01
9.904451780890445312e-01
9.904401760880440220e-01
9.904351740870435128e-01
9.904301720860430036e-01
9.904251700850424944e-01
9.904201680840419852e-01
9.904151660830414761e-01
9.904101640820409669e-01
9.904051620810405687e-01
9.904001600800400595e-01
9.903951580790395504e-01
9.903901560780390412e-01
9.903851540770385320e-01
9.903801520760380228e-01
9.903751500750375136e-01
9.903701480740370044e-01
9.903651460730364953e-01
9.903601440720359861e-01
9.903551420710354769e-01
9.903501400700349677e-01
9.903451380690345696e-01
9.903401360680340604e-01
9.903351340670335512e-01
9.903301320660330420e-01
9.903251300650325328e-01
9.903201280640320237e-01
9.903151260630315145e-01
9.903101240620310053e-01
9.903051220610304961e-01
9.903001200600299869e-01
9.902951180590294777e-01
9.902901160580289686e-01
9.902851140570284594e-01
9.902801120560280612e-01
9.902751100550275520e-01
9.902701080540270429e-01
9.902651060530265337e-01
9.902601040520260245e-01
9.902551020510255153e-01
9.902501000500250061e-01
9.902450980490244969e-01
9.902400960480239878e-01
9.902350940470234786e-01
9.902300920460229694e-01
9.902250900450224602e-01
9.902200880440220621e-01
9.902150860430215529e-01
9.902100840420210437e-01
9.902050820410205345e-01
9.902000800400200253e-01
9.901950780390195161e-01
9.901900760380190070e-01
9.901850740370184978e-01
9.901800720360179886e-01
9.901750700350174794e-01
9.901700680340169702e-01
9.901650660330164611e-01
9.901600640320160629e-01
9.901550620310155537e-01
9.901500600300150445e-01
9.901450580290145354e-01
9.901400560280140262e-01
9.901350540270135170e-01
9.901300520260130078e-01
9.901250500250124986e-01
9.901200480240119894e-01
9.901150460230114803e-01
9.901100440220109711e-01
9.901050420210104619e-01
9.901000400200099527e-01
9.900950380190095546e-01
9.900900360180090454e-01
9.900850340170085362e-01
9.900800320160080270e-01
9.900750300150075178e-01
9.900700280140070086e-01
9.900650260130064995e-01
9.900600240120059903e-01
9.900550220110054811e-01
9.900500200100049719e-01
9.900450180090044627e-01
9.900400160080039536e-01
9.900350140070035554e-01
9.900300120060030462e-01
9.900250100050025370e-01
9.900200080040020278e-01
9.900150060030015187e-01
9.900100040020010095e-01
9.900050020010005003e-01
9.899999999999999911e-01
