1.000000000000000000e+00
9.999989999999999712e-01
9.999929980050014100e-01
9.999819940800502849e-01
9.999659883652516346e-01
9.999449810757662371e-01
9.999189725018062802e-01
9.998879630086285886e-01
9.998519530365260755e-01
9.998109431008175285e-01
9.997649337918350643e-01
9.997139257749103614e-01
9.996579197903582292e-01
9.995969166534590666e-01
9.995309172544387666e-01
9.994599225584475111e-01
9.993839336055359013e-01
9.993029515106298666e-01
9.992169774635030199e-01
9.991260127287477921e-01
9.990300586457444565e-01
9.989291166286282664e-01
9.988231881662547051e-01
9.987122748221628488e-01
9.985963782345369522e-01
9.984755001161661481e-01
9.983496422544021476e-01
9.982188065111152753e-01
9.980829948226487280e-01
9.979422091997707245e-01
9.977964517276246559e-01
9.976457245656777939e-01
9.974900299476681109e-01
9.973293701815489909e-01
9.971637476494320529e-01
9.969931648075286423e-01
9.968176241860887687e-01
9.966371283893387112e-01
9.964516800954167364e-01
9.962612820563067073e-01
9.960659370977700267e-01
9.958656481192758037e-01
9.956604180939292448e-01
9.954502500683977129e-01
9.952351471628356760e-01
9.950151125708075472e-01
9.947901495592083032e-01
9.945602614681831044e-01
9.943254517110443613e-01
9.940857237741871355e-01
9.938410812170032083e-01
9.935915276717927069e-01
9.933370668436743989e-01
9.930777025104938760e-01
9.928134385227301850e-01
9.925442788034004593e-01
9.922702273479628854e-01
9.919912882242177821e-01
9.917074655722070142e-01
9.914187636041117413e-01
9.911251866041478342e-01
9.908267389284602933e-01
9.905234250050153344e-01
9.902152493334909211e-01
9.899022164851652983e-01
9.895843311028044154e-01
9.892615979005466853e-01
9.889340216637868552e-01
9.886016072490572126e-01
9.882643595839082362e-01
9.879222836667862495e-01
9.875753845669102970e-01
9.872236674241469112e-01
9.868671374488829917e-01
9.865057999218972418e-01
9.861396601942298279e-01
9.857687236870502634e-01
9.853929958915235154e-01
9.850124823686747799e-01
9.846271887492520358e-01
9.842371207335870453e-01
9.838422840914552436e-01
9.834426846619330753e-01
9.830383283532541094e-01
9.826292211426637113e-01
9.822153690762713829e-01
9.817967782689021039e-01
9.813734549039455635e-01
9.809454052332040597e-01
9.805126355767385116e-01
9.800751523227128059e-01
9.796329619272369227e-01
9.791860709142078401e-01
9.787344858751492183e-01
9.782782134690491960e-01
9.778172604221969655e-01
9.773516335280174605e-01
9.768813396469041566e-01
9.764063857060509832e-01
9.759267786992820159e-01
9.754425256868798355e-01
9.749536337954124443e-01
9.744601102175582952e-01
9.739619622119299880e-01
9.734591971028961899e-01
9.729518222804022232e-01
9.724398451997889881e-01
9.719232733816105529e-01
9.714021144114497464e-01
9.708763759397325277e-01
9.703460656815410257e-01
9.698111914164245784e-01
9.692717609882096630e-01
9.687277823048080494e-01
9.681792633380237323e-01
9.676262121233579760e-01
9.670686367598134714e-01
9.665065454096962716e-01
9.659399462984167295e-01
9.653688477142891022e-01
9.647932580083292686e-01
9.642131855940512253e-01
9.636286389472621394e-01
9.630396266058559585e-01
9.624461571696054651e-01
9.618482392999531116e-01
9.612458817198002992e-01
9.606390932132953253e-01
9.600278826256197773e-01
9.594122588627738146e-01
9.587922308913596758e-01
9.581678077383640746e-01
9.575389984909393748e-01
9.569058122961828783e-01
9.562682583609154463e-01
9.556263459514580116e-01
9.549800843934073136e-01
9.543294830714101895e-01
9.536745514289363124e-01
9.530152989680497067e-01
9.523517352491793764e-01
9.516838698908879346e-01
9.510117125696391227e-01
9.503352730195645526e-01
9.496545610322285613e-01
9.489695864563920669e-01
9.482803591977752022e-01
9.475868892188185066e-01
9.468891865384431172e-01
9.461872612318091846e-01
9.454811234300739553e-01
9.447707833201477445e-01
9.440562511444493543e-01
9.433375372006597148e-01
9.426146518414748599e-01
9.418876054743571258e-01
9.411564085612857955e-01
9.404210716185061880e-01
9.396816052162776378e-01
9.389380199786203640e-01
9.381903265830612293e-01
9.374385357603781666e-01
9.366826582943436064e-01
9.359227050214671273e-01
9.351586868307359968e-01
9.343906146633559340e-01
9.336184995124896524e-01
9.328423524229947361e-01
9.320621844911608500e-01
9.312780068644450626e-01
9.304898307412067249e-01
9.296976673704411276e-01
9.289015280515119377e-01
9.281014241338829684e-01
9.272973670168483951e-01
9.264893681492625266e-01
9.256774390292681343e-01
9.248615912040240028e-01
9.240418362694314824e-01
9.232181858698600418e-01
9.223906516978713777e-01
9.215592454939436351e-01
9.207239790461936302e-01
9.198848641900986278e-01
9.190419128082170097e-01
9.181951368299083871e-01
9.173445482310521593e-01
9.164901590337656279e-01
9.156319813061211121e-01
9.147700271618620649e-01
9.139043087601186333e-01
9.130348383051217764e-01
9.121616280459169390e-01
9.112846902760770584e-01
9.104040373334140179e-01
9.095196815996900996e-01
9.086316355003278833e-01
9.077399115041200339e-01
9.068445221229376463e-01
9.059454799114380341e-01
9.050427974667718534e-01
9.041364874282894482e-01
9.032265624772463086e-01
9.023130353365075296e-01
9.013959187702521580e-01
9.004752255836760977e-01
8.995509686226950130e-01
8.986231607736457905e-01
8.976918149629876664e-01
8.967569441570029110e-01
8.958185613614960685e-01
8.948766796214933095e-01
8.939313120209407826e-01
8.929824716824019681e-01
8.920301717667551422e-01
8.910744254728893976e-01
8.901152460374007758e-01
8.891526467342870665e-01
8.881866408746423858e-01
8.872172418063511978e-01
8.862444629137817831e-01
8.852683176174787061e-01
8.842888193738551728e-01
8.833059816748847215e-01
8.823198180477919150e-01
8.813303420547433653e-01
8.803375672925372042e-01
8.793415073922931091e-01
8.783421760191407746e-01
8.773395868719084945e-01
8.763337536828113006e-01
8.753246902171381016e-01
8.743124102729390446e-01
8.732969276807118764e-01
8.722782563030878622e-01
8.712564100345178142e-01
8.702314028009567881e-01
8.692032485595493352e-01
8.681719612983136436e-01
8.671375550358254580e-01
8.661000438209016661e-01
8.650594417322837737e-01
8.640157628783201593e-01
8.629690213966488832e-01
8.619192314538798305e-01
8.608664072452761884e-01
8.598105629944361450e-01
8.587517129529738114e-01
8.576898714001999213e-01
8.566250526428025314e-01
8.555572710145270543e-01
8.544865408758560710e-01
8.534128766136890309e-01
8.523362926410217311e-01
8.512568033966252390e-01
8.501744233447245946e-01
8.490891669746779558e-01
8.480010488006543001e-01
8.469100833613122381e-01
8.458162852194777148e-01
8.447196689618214904e-01
8.436202491985372864e-01
8.425180405630188218e-01
8.414130577115372933e-01
8.403053153229181893e-01
8.391948280982185482e-01
8.380816107604035503e-01
8.369656780540233321e-01
8.358470447448894669e-01
8.347257256197515574e-01
8.336017354859734940e-01
8.324750891712097145e-01
8.313458015230815734e-01
8.302138874088534903e-01
8.290793617151086536e-01
8.279422393474256126e-01
8.268025352300538700e-01
8.256602643055900304e-01
8.245154415346538368e-01
8.233680818955637637e-01
8.222182003840132758e-01
8.210658120127468651e-01
8.199109318112356437e-01
8.187535748253539358e-01
8.175937561170547596e-01
8.164314907640461971e-01
8.152667938594675423e-01
8.140996805115655599e-01
8.129301658433708555e-01
8.117582649923740234e-01
8.105839931102024609e-01
8.094073653622966269e-01
8.082283969275871893e-01
8.070471029981713951e-01
8.058634987789906612e-01
8.046775994875070559e-01
8.034894203533811119e-01
8.022989766181490845e-01
8.011062835349004319e-01
7.999113563679557393e-01
7.987142103925449765e-01
7.975148608944853112e-01
7.963133231698598102e-01
7.951096125246960300e-01
7.939037442746447182e-01
7.926957337446590701e-01
7.914855962686739854e-01
7.902733471892859907e-01
7.890590018574328290e-01
7.878425756320736051e-01
7.866240838798694845e-01
7.854035419748642832e-01
7.841809652981656109e-01
7.829563692376259043e-01
7.817297691875246812e-01
7.805011805482501286e-01
7.792706187259814676e-01
7.780380991323719853e-01
7.768036371842317322e-01
7.755672483032112208e-01
7.743289479154851218e-01
7.730887514514365177e-01
7.718466743453414880e-01
7.706027320350539167e-01
7.693569399616911886e-01
7.681093135693197738e-01
7.668598683046418119e-01
7.656086196166813629e-01
7.643555829564719906e-01
7.631007737767440124e-01
7.618442075316126383e-01
7.605858996762666635e-01
7.593258656666572737e-01
7.580641209591878482e-01
7.568006810104036530e-01
7.555355612766824214e-01
7.542687772139256008e-01
7.530003442772496003e-01
7.517302779206780361e-01
7.504585935968343113e-01
7.491853067566349722e-01
7.479104328489829534e-01
7.466339873204623778e-01
7.453559856150332452e-01
7.440764431737267870e-01
7.427953754343415982e-01
7.415127978311403245e-01
7.402287257945467935e-01
7.389431747508439230e-01
7.376561601218721842e-01
7.363676973247288426e-01
7.350778017714674206e-01
7.337864888687984921e-01
7.324937740177903667e-01
7.311996726135708835e-01
7.299042000450298717e-01
7.286073716945222767e-01
7.273092029375717305e-01
7.260097091425750104e-01
7.247089056705073862e-01
7.234068078746281882e-01
7.221034311001875983e-01
7.207987906841336612e-01
7.194929019548205185e-01
7.181857802317170858e-01
7.168774408251167296e-01
7.155678990358471658e-01
7.142571701549815799e-01
7.129452694635506349e-01
7.116322122322548127e-01
7.103180137211777545e-01
7.090026891795006003e-01
7.076862538452164397e-01
7.063687229448466498e-01
7.050501116931569001e-01
7.037304352928748230e-01
7.024097089344079059e-01
7.010879477955630490e-01
6.997651670412656788e-01
6.984413818232808602e-01
6.971166072799348523e-01
6.957908585358373310e-01
6.944641507016049431e-01
6.931364988735849719e-01
6.918079181335810013e-01
6.904784235485781352e-01
6.891480301704702160e-01
6.878167530357874870e-01
6.864846071654250315e-01
6.851516075643724335e-01
6.838177692214442160e-01
6.824831071090108336e-01
6.811476361827314419e-01
6.798113713812868886e-01
6.784743276261138156e-01
6.771365198211399816e-01
6.757979628525200289e-01
6.744586715883726935e-01
6.731186608785189041e-01
6.717779455542204348e-01
6.704365404279201135e-01
6.690944602929826956e-01
6.677517199234367373e-01
6.664083340737174677e-01
6.650643174784106604e-01
6.637196848519978376e-01
6.623744508886020288e-01
6.610286302617346399e-01
6.596822376240434327e-01
6.583352876070618365e-01
6.569877948209587037e-01
6.556397738542893983e-01
6.542912392737481042e-01
6.529422056239209127e-01
6.515926874270400182e-01
6.502426991827391367e-01
6.488922553678098115e-01
6.475413704359587186e-01
6.461900588175665261e-01
6.448383349194473091e-01
6.434862131246090744e-01
6.421337077920158398e-01
6.407808332563503795e-01
6.394276038277781904e-01
6.380740337917125693e-01
6.367201374085809107e-01
6.353659289135920041e-01
6.340114225165044415e-01
6.326566324013961351e-01
6.313015727264349453e-01
6.299462576236507516e-01
6.285907011987083015e-01
6.272349175306813907e-01
6.258789206718278209e-01
6.245227246473662452e-01
6.231663434552533465e-01
6.218097910659629024e-01
6.204530814222655177e-01
6.190962284390095771e-01
6.177392460029037524e-01
6.163821479723001762e-01
6.150249481769791693e-01
6.136676604179347461e-01
6.123102984671621174e-01
6.109528760674453052e-01
6.095954069321467550e-01
6.082379047449979481e-01
6.068803831598910126e-01
6.055228558006716666e-01
6.041653362609336053e-01
6.028078381038136646e-01
6.014503748617884282e-01
6.000929600364722782e-01
5.987356070984162226e-01
5.973783294869082772e-01
5.960211406097749576e-01
5.946640538431838818e-01
5.933070825314480379e-01
5.919502399868307174e-01
5.905935394893522261e-01
5.892369942865973709e-01
5.878806175935245015e-01
5.865244225922758847e-01
5.851684224319887440e-01
5.838126302286086311e-01
5.824570590647026869e-01
5.811017219892752328e-01
5.797466320175844734e-01
5.783918021309599755e-01
5.770372452766218130e-01
5.756829743675009325e-01
5.743290022820606300e-01
5.729753418641196916e-01
5.716220059226760908e-01
5.702690072317329051e-01
5.689163585301248993e-01
5.675640725213462190e-01
5.662121618733801931e-01
5.648606392185295810e-01
5.635095171532485958e-01
5.621588082379759266e-01
5.608085249969694264e-01
5.594586799181417991e-01
5.581092854528977298e-01
5.567603540159721254e-01
5.554118979852699090e-01
5.540639297017070364e-01
5.527164614690527333e-01
5.513695055537730649e-01
5.500230741848759486e-01
5.486771795537573881e-01
5.473318338140489292e-01
5.459870490814664468e-01
5.446428374336607092e-01
5.432992109100683864e-01
5.419561815117651671e-01
5.406137612013198757e-01
5.392719619026496991e-01
5.379307955008773012e-01
5.365902738421887141e-01
5.352504087336927840e-01
5.339112119432819492e-01
5.325726951994944613e-01
5.312348701913773841e-01
5.298977485683517008e-01
5.285613419400783108e-01
5.272256618763253577e-01
5.258907199068368898e-01
5.245565275212031864e-01
5.232230961687318604e-01
5.218904372583206275e-01
5.205585621583314060e-01
5.192274821964656395e-01
5.178972086596412838e-01
5.165677527938704605e-01
5.152391258041388866e-01
5.139113388542869698e-01
5.125844030668914586e-01
5.112583295231489799e-01
5.099331292627607981e-01
5.086088132838187947e-01
5.072853925426928923e-01
5.059628779539196985e-01
5.046412803900927058e-01
5.033206106817534886e-01
5.020008796172846788e-01
5.006820979428037166e-01
4.993642763620586567e-01
4.980474255363243619e-01
4.967315560843009736e-01
4.954166785820131591e-01
4.941028035627107462e-01
4.927899415167709685e-01
4.914781028916016536e-01
4.901672980915460776e-01
4.888575374777889282e-01
4.875488313682636576e-01
4.862411900375611662e-01
4.849346237168399854e-01
4.836291425937375155e-01
4.823247568122825957e-01
4.810214764728096282e-01
4.797193116318738682e-01
4.784182723021681016e-01
4.771183684524405999e-01
4.758196100074144064e-01
4.745220068477078446e-01
4.732255688097566360e-01
4.719303056857369616e-01
4.706362272234901334e-01
4.693433431264483757e-01
4.680516630535621059e-01
4.667611966192283246e-01
4.654719533932205056e-01
4.641839429006196505e-01
4.628971746217467875e-01
4.616116579920965246e-01
4.603274024022723232e-01
4.590444171979226606e-01
4.577627116796787465e-01
4.564822951030933496e-01
4.552031766785810674e-01
4.539253655713599844e-01
4.526488709013942735e-01
4.513737017433385179e-01
4.500998671264828666e-01
4.488273760346999652e-01
4.475562374063926652e-01
4.462864601344435633e-01
4.450180530661653755e-01
4.437510250032527526e-01
4.424853847017353736e-01
4.412211408719323158e-01
4.399583021784078118e-01
4.386968772399279515e-01
4.374368746294190480e-01
4.361783028739270041e-01
4.349211704545779544e-01
4.336654858065402962e-01
4.324112573189879405e-01
4.311584933350648408e-01
4.299072021518505204e-01
4.286573920203273214e-01
4.274090711453484293e-01
4.261622476856075092e-01
4.249169297536092849e-01
4.236731254156416160e-01
4.224308426917486869e-01
4.211900895557054159e-01
4.199508739349931408e-01
4.187132037107763605e-01
4.174770867178811407e-01
4.162425307447741862e-01
4.150095435335436900e-01
4.137781327798807918e-01
4.125483061330628698e-01
4.113200711959375533e-01
4.100934355249081786e-01
4.088684066299205222e-01
4.076449919744504768e-01
4.064231989754931162e-01
4.052030350035529804e-01
4.039845073826354160e-01
4.027676233902390823e-01
4.015523902573499559e-01
4.003388151684361129e-01
3.991269052614439539e-01
3.979166676277954284e-01
3.967081093123867030e-01
3.955012373135876058e-01
3.942960585832426257e-01
3.930925800266727443e-01
3.918908085026787114e-01
3.906907508235452076e-01
3.894924137550465071e-01
3.882958040164526947e-01
3.871009282805377705e-01
3.859077931735883649e-01
3.847164052754136754e-01
3.835267711193567908e-01
3.823388971923067925e-01
3.811527899347122439e-01
3.799684557405956231e-01
3.787859009575690883e-01
3.776051318868510198e-01
3.764261547832840615e-01
3.752489758553539945e-01
3.740736012652097764e-01
3.729000371286846360e-01
3.717282895153184441e-01
3.705583644483809724e-01
3.693902679048963744e-01
3.682240058156685536e-01
3.670595840653078645e-01
3.658970084922587018e-01
3.647362848888281994e-01
3.635774190012160401e-01
3.624204165295452640e-01
3.612652831278941323e-01
3.601120244043292118e-01
3.589606459209391254e-01
3.578111531938696910e-01
3.566635516933600591e-01
3.555178468437797390e-01
3.543740440236667899e-01
3.532321485657667903e-01
3.520921657570732499e-01
3.509541008388686323e-01
3.498179590067666545e-01
3.486837454107554191e-01
3.475514651552416012e-01
3.464211232990957456e-01
3.452927248556983963e-01
3.441662747929872812e-01
3.430417780335054956e-01
3.419192394544506852e-01
3.407986638877250618e-01
3.396800561199866397e-01
3.385634208927011946e-01
3.374487629021952206e-01
3.363360867997101100e-01
3.352253971914568309e-01
3.341166986386719384e-01
3.330099956576744180e-01
3.319052927199232506e-01
3.308025942520763096e-01
3.297019046360497585e-01
3.286032282090787793e-01
3.275065692637788572e-01
3.264119320482082309e-01
3.253193207659310082e-01
3.242287395760815594e-01
3.231401925934294095e-01
3.220536838884451858e-01
3.209692174873676196e-01
3.198867973722710478e-01
3.188064274811342469e-01
3.177281117079096551e-01
3.166518539025938717e-01
3.155776578712989333e-01
3.145055273763242010e-01
3.134354661362293570e-01
3.123674778259081242e-01
3.113015660766629833e-01
3.102377344762805023e-01
3.091759865691076081e-01
3.081163258561287477e-01
3.070587557950437696e-01
3.060032798003466392e-01
3.049499012434050971e-01
3.038986234525408170e-01
3.028494497131107854e-01
3.018023832675891249e-01
3.007574273156498612e-01
2.997145850142504120e-01
2.986738594777159639e-01
2.976352537778245710e-01
2.965987709438929198e-01
2.955644139628630374e-01
2.945321857793896103e-01
2.935020892959281369e-01
2.924741273728238555e-01
2.914483028284012289e-01
2.904246184390544827e-01
2.894030769393385882e-01
2.883836810220611890e-01
2.873664333383749714e-01
2.863513364978710896e-01
2.853383930686731462e-01
2.843276055775317279e-01
2.833189765099199398e-01
2.823125083101294397e-01
2.813082033813671945e-01
2.803060640858529018e-01
2.793060927449171893e-01
2.783082916391003692e-01
2.773126630082519140e-01
2.763192090516307653e-01
2.753279319280058646e-01
2.743388337557577938e-01
2.733519166129808609e-01
2.723671825375857392e-01
2.713846335274029964e-01
2.704042715402870112e-01
2.694260984942206116e-01
2.684501162674203800e-01
2.674763266984424570e-01
2.665047315862891231e-01
2.655353326905157685e-01
2.645681317313388070e-01
2.636031303897436451e-01
2.626403303075937612e-01
2.616797330877401739e-01
2.607213402941312985e-01
2.597651534519238026e-01
2.588111740475935174e-01
2.578594035290473485e-01
2.569098433057354636e-01
2.559624947487642022e-01
2.550173591910094295e-01
2.540744379272305009e-01
2.531337322141845592e-01
2.521952432707417202e-01
2.512589722780004808e-01
2.503249203794037925e-01
2.493930886808556069e-01
2.484634782508378104e-01
2.475360901205279074e-01
2.466109252839170096e-01
2.456879846979283799e-01
2.447672692825365315e-01
2.438487799208865492e-01
2.429325174594142156e-01
2.420184827079664702e-01
2.411066764399222295e-01
2.401970993923138453e-01
2.392897522659488685e-01
2.383846357255323400e-01
2.374817503997895263e-01
2.365810968815890980e-01
2.356826757280666429e-01
2.347864874607487051e-01
2.338925325656772691e-01
2.330008114935345764e-01
2.321113246597683588e-01
2.312240724447175433e-01
2.303390551937383179e-01
2.294562732173305586e-01
2.285757267912647550e-01
2.276974161567091870e-01
2.268213415203575167e-01
2.259475030545568808e-01
2.250759008974361208e-01
2.242065351530345974e-01
2.233394058914312530e-01
2.224745131488740368e-01
2.216118569279096340e-01
2.207514371975136391e-01
2.198932538932210357e-01
2.190373069172569243e-01
2.181835961386676959e-01
2.173321213934524265e-01
2.164828824846946886e-01
2.156358791826945287e-01
2.147911112251009447e-01
2.139485783170444466e-01
2.131082801312701169e-01
2.122702163082708093e-01
2.114343864564207642e-01
2.106007901521093073e-01
2.097694269398750755e-01
2.089402963325403262e-01
2.081133978113455518e-01
2.072887308260844275e-01
2.064662947952388972e-01
2.056460891061146212e-01
2.048281131149765899e-01
2.040123661471850425e-01
2.031988474973315251e-01
2.023875564293752538e-01
2.015784921767797555e-01
2.007716539426495084e-01
1.999670408998671101e-01
1.991646521912303625e-01
1.983644869295897450e-01
1.975665441979860548e-01
1.967708230497881849e-01
1.959773225088310977e-01
1.951860415695541029e-01
1.943969791971391359e-01
1.936101343276493414e-01
1.928255058681677403e-01
1.920430926969362018e-01
1.912628936634944155e-01
1.904849075888190302e-01
1.897091332654631257e-01
1.889355694576956013e-01
1.881642149016408416e-01
1.873950683054185218e-01
1.866281283492834675e-01
1.858633936857656543e-01
1.851008629398104566e-01
1.843405347089188129e-01
1.835824075632876695e-01
1.828264800459504236e-01
1.820727506729175604e-01
1.813212179333173468e-01
1.805718802895365516e-01
1.798247361773613884e-01
1.790797840061184587e-01
1.783370221588158056e-01
1.775964489922839951e-01
1.768580628373173647e-01
1.761218619988152156e-01
1.753878447559231446e-01
1.746560093621744858e-01
1.739263540456316703e-01
1.731988770090277518e-01
1.724735764299078766e-01
1.717504504607708926e-01
1.710294972292109028e-01
1.703107148380590130e-01
1.695941013655248297e-01
1.688796548653382357e-01
1.681673733668911097e-01
1.674572548753789636e-01
1.667492973719426896e-01
1.660434988138103640e-01
1.653398571344388557e-01
1.646383702436556573e-01
1.639390360278005221e-01
1.632418523498672114e-01
1.625468170496451592e-01
1.618539279438611922e-01
1.611631828263211386e-01
1.604745794680514370e-01
1.597881156174407458e-01
1.591037890003814959e-01
1.584215973204113614e-01
1.577415382588547299e-01
1.570636094749641998e-01
1.563878086060618011e-01
1.557141332676804379e-01
1.550425810537049975e-01
1.543731495365136264e-01
1.537058362671188394e-01
1.530406387753084907e-01
1.523775545697867717e-01
1.517165811383151264e-01
1.510577159478529718e-01
1.504009564446984470e-01
1.497463000546290501e-01
1.490937441830421095e-01
1.484432862150952270e-01
1.477949235158465546e-01
1.471486534303950988e-01
1.465044732840207198e-01
1.458623803823241027e-01
1.452223720113667293e-01
1.445844454378105437e-01
1.439485979090575352e-01
1.433148266533893211e-01
1.426831288801063968e-01
1.420535017796674127e-01
1.414259425238282575e-01
1.408004482657809475e-01
1.401770161402924320e-01
1.395556432638432320e-01
1.389363267347659137e-01
1.383190636333833656e-01
1.377038510221470502e-01
1.370906859457749205e-01
1.364795654313892825e-01
1.358704864886544628e-01
1.352634461099142260e-01
1.346584412703291378e-01
1.340554689280136769e-01
1.334545260241731257e-01
1.328556094832404055e-01
1.322587162130125227e-01
1.316638431047870150e-01
1.310709870334980376e-01
1.304801448578524203e-01
1.298913134204653652e-01
1.293044895479959766e-01
1.287196700512826530e-01
1.281368517254781736e-01
1.275560313501846454e-01
1.269772056895881462e-01
1.264003714925931998e-01
1.258255254929570854e-01
1.252526644094237307e-01
1.246817849458575905e-01
1.241128837913771238e-01
1.235459576204881449e-01
1.229810030932168702e-01
1.224180168552427422e-01
1.218569955380310044e-01
1.212979357589650115e-01
1.207408341214783326e-01
1.201856872151865624e-01
1.196324916160188684e-01
1.190812438863492750e-01
1.185319405751277533e-01
1.179845782180109631e-01
1.174391533374927049e-01
1.168956624430342317e-01
1.163541020311941593e-01
1.158144685857581679e-01
1.152767585778683851e-01
1.147409684661524903e-01
1.142070946968525846e-01
1.136751337039537124e-01
1.131450819093121340e-01
1.126169357227832651e-01
1.120906915423493660e-01
1.115663457542469261e-01
1.110438947330937148e-01
1.105233348420155276e-01
1.100046624327727235e-01
1.094878738458863188e-01
1.089729654107638862e-01
1.084599334458250658e-01
1.079487742586267979e-01
1.074394841459882372e-01
1.069320593941153474e-01
1.064264962787251495e-01
1.059227910651697052e-01
1.054209400085597131e-01
1.049209393538878404e-01
1.044227853361516245e-01
1.039264741804761666e-01
1.034320021022364089e-01
1.029393653071791342e-01
1.024485599915445494e-01
1.019595823421876046e-01
1.014724285366989248e-01
1.009870947435254351e-01
1.005035771220905844e-01
1.000218718229142906e-01
9.954197498773247055e-02
9.906388274961629159e-02
9.858759123309097927e-02
9.811309655425434761e-02
9.764039482089492683e-02
9.716948213260975797e-02
9.670035458092181291e-02
9.623300824939705345e-02
9.576743921376114355e-02
9.530364354201574517e-02
9.484161729455452272e-02
9.438135652427868949e-02
9.392285727671227658e-02
9.346611559011694381e-02
9.301112749560647153e-02
9.255788901726086371e-02
9.210639617224003484e-02
9.165664497089719143e-02
9.120863141689178333e-02
9.076235150730205259e-02
9.031780123273726313e-02
8.987497657744947244e-02
8.943387351944499797e-02
8.899448803059541169e-02
8.855681607674818767e-02
8.812085361783696114e-02
8.768659660799139888e-02
8.725404099564665339e-02
8.682318272365240064e-02
8.639401772938155866e-02
8.596654194483854816e-02
8.554075129676715072e-02
8.511664170675800611e-02
8.469420909135567943e-02
8.427344936216532578e-02
8.385435842595895251e-02
8.343693218478127893e-02
8.302116653605520757e-02
8.260705737268685123e-02
8.219460058317017148e-02
8.178379205169121480e-02
8.137462765823190447e-02
8.096710327867347179e-02
8.056121478489944310e-02
8.015695804489821052e-02
7.975432892286517250e-02
7.935332327930451346e-02
7.895393697113051168e-02
7.855616585176844469e-02
7.816000577125509219e-02
7.776545257633879493e-02
7.737250211057911109e-02
7.698115021444602857e-02
7.659139272541878873e-02
7.620322547808426605e-02
7.581664430423490364e-02
7.543164503296627410e-02
7.504822349077418242e-02
7.466637550165129700e-02
7.428609688718347537e-02
7.390738346664553482e-02
7.353023105709666218e-02
7.315463547347537954e-02
7.278059252869409357e-02
7.240809803373318698e-02
7.203714779773467969e-02
7.166773762809550141e-02
7.129986333056025083e-02
7.093352070931362163e-02
7.056870556707232900e-02
7.020541370517659197e-02
6.984364092368124111e-02
6.948338302144634049e-02
6.912463579622737941e-02
6.876739504476504783e-02
6.841165656287455377e-02
6.805741614553455221e-02
6.770466958697553272e-02
6.735341268076788790e-02
6.700364121990948219e-02
6.665535099691276277e-02
6.630853780389150964e-02
6.596319743264703050e-02
6.561932567475402267e-02
6.527691832164594921e-02
6.493597116469998487e-02
6.459647999532149021e-02
6.425844060502809707e-02
6.392184878553329452e-02
6.358670032882965395e-02
6.325299102727151290e-02
6.292071667365728427e-02
6.258987306131133521e-02
6.226045598416537347e-02
6.193246123683939647e-02
6.160588461472225885e-02
6.128072191405172647e-02
6.095696893199412103e-02
6.063462146672352754e-02
6.031367531750054384e-02
5.999412628475059989e-02
5.967597017014183297e-02
5.935920277666248412e-02
5.904381990869792679e-02
5.872981737210718894e-02
5.841719097429905194e-02
5.810593652430772610e-02
5.779604983286805442e-02
5.748752671249029306e-02
5.718036297753443381e-02
5.687455444428410334e-02
5.657009693102001135e-02
5.626698625809295473e-02
5.596521824799639139e-02
5.566478872543856316e-02
5.536569351741416067e-02
5.506792845327558583e-02
5.477148936480374930e-02
5.447637208627842398e-02
5.418257245454817517e-02
5.389008630909983277e-02
5.359890949212754718e-02
5.330903784860137329e-02
5.302046722633545206e-02
5.273319347605571333e-02
5.244721245146717614e-02
5.216252000932080496e-02
5.187911200947988716e-02
5.159698431498604271e-02
5.131613279212473427e-02
5.103655331049037486e-02
5.075824174305100522e-02
5.048119396621249255e-02
5.020540585988234050e-02
4.993087330753305519e-02
4.965759219626503934e-02
4.938555841686911863e-02
4.911476786388855459e-02
4.884521643568071753e-02
4.857690003447822508e-02
4.830981456644974081e-02
4.804395594176027323e-02
4.777932007463110003e-02
4.751590288339921364e-02
4.725370029057636423e-02
4.699270822290766564e-02
4.673292261142978493e-02
4.647433939152868093e-02
4.621695450299693336e-02
4.596076389009064178e-02
4.570576350158590123e-02
4.545194929083484769e-02
4.519931721582127332e-02
4.494786323921581839e-02
4.469758332843077470e-02
4.444847345567441710e-02
4.420052959800493259e-02
4.395374773738393998e-02
4.370812386072957245e-02
4.346365395996915071e-02
4.322033403209143976e-02
4.297816007919847553e-02
4.273712810855696820e-02
4.249723413264933775e-02
4.225847416922424993e-02
4.202084424134682611e-02
4.178434037744836738e-02
4.154895861137572477e-02
4.131469498244019767e-02
4.108154553546608523e-02
4.084950632083875904e-02
4.061857339455238192e-02
4.038874281825718948e-02
4.016001065930636243e-02
3.993237299080252406e-02
3.970582589164377285e-02
3.948036544656937513e-02
3.925598774620499276e-02
3.903268888710755002e-02
3.881046497180969113e-02
3.858931210886382135e-02
3.836922641288575964e-02
3.815020400459796790e-02
3.793224101087243338e-02
3.771533356477309307e-02
3.749947780559790417e-02
3.728466987892049139e-02
3.707090593663142641e-02
3.685818213697909101e-02
3.664649464461015166e-02
3.643583963060964548e-02
3.622621327254068463e-02
3.601761175448375818e-02
3.581003126707565237e-02
3.560346800754796842e-02
3.539791817976529337e-02
3.519337799426292684e-02
3.498984366828427478e-02
3.478731142581783370e-02
3.458577749763380033e-02
3.438523812132030649e-02
3.418568954131925852e-02
3.398712800896180192e-02
3.378954978250343216e-02
3.359295112715869613e-02
3.339732831513552574e-02
3.320267762566921771e-02
3.300899534505603167e-02
3.281627776668637891e-02
3.262452119107771276e-02
3.243372192590698172e-02
3.224387628604275663e-02
3.205498059357696217e-02
3.186703117785626843e-02
3.168002437551309391e-02
3.149395653049626848e-02
3.130882399410131467e-02
3.112462312500037520e-02
3.094135028927177955e-02
3.075900186042925324e-02
3.057757421945076978e-02
3.039706375480704520e-02
3.021746686248967528e-02
3.003877994603892237e-02
2.986099941657114828e-02
2.968412169280590374e-02
2.950814320109264310e-02
2.933306037543712691e-02
2.915886965752744267e-02
2.898556749675969962e-02
2.881315035026337998e-02
2.864161468292632934e-02
2.847095696741941753e-02
2.830117368422086291e-02
2.813226132164019927e-02
2.796421637584192363e-02
2.779703535086879701e-02
2.763071475866480525e-02
2.746525111909779715e-02
2.730064095998177218e-02
2.713688081709885597e-02
2.697396723422093925e-02
2.681189676313096987e-02
2.665066596364394982e-02
2.649027140362756813e-02
2.633070965902254562e-02
2.617197731386261897e-02
2.601407096029423674e-02
2.585698719859591196e-02
2.570072263719725553e-02
2.554527389269770771e-02
2.539063758988492972e-02
2.523681036175290035e-02
2.508378884951968299e-02
2.493156970264489083e-02
2.478014957884682942e-02
2.462952514411933733e-02
2.447969307274831113e-02
2.433065004732793551e-02
2.418239275877658717e-02
2.403491790635245429e-02
2.388822219766883678e-02
2.374230234870915168e-02
2.359715508384164356e-02
2.345277713583377582e-02
2.330916524586635133e-02
2.316631616354731041e-02
2.302422664692525822e-02
2.288289346250267642e-02
2.274231338524885376e-02
2.260248319861252880e-02
2.246339969453423069e-02
2.232505967345835285e-02
2.218745994434490748e-02
2.205059732468103023e-02
2.191446864049217957e-02
2.177907072635305169e-02
2.164440042539823167e-02
2.151045458933254981e-02
2.137723007844116382e-02
2.124472376159937045e-02
2.111293251628212908e-02
2.098185322857332169e-02
2.085148279317473527e-02
2.072181811341477706e-02
2.059285610125691918e-02
2.046459367730786919e-02
2.033702777082548041e-02
2.021015531972639168e-02
2.008397327059341028e-02
1.995847857868262437e-02
1.983366820793025509e-02
1.970953913095925547e-02
1.958608832908564912e-02
1.946331279232460174e-02
1.934120951939624633e-02
1.921977551773126208e-02
1.909900780347617566e-02
1.897890340149844396e-02
1.885945934539125235e-02
1.874067267747810128e-02
1.862254044881710494e-02
1.850505971920508169e-02
1.838822755718138094e-02
1.827204104003146354e-02
1.815649725379026025e-02
1.804159329324527342e-02
1.792732626193943579e-02
1.781369327217375426e-02
1.770069144500970026e-02
1.758831791027136784e-02
1.747656980654740261e-02
1.736544428119270872e-02
1.725493849032989566e-02
1.714504959885053414e-02
1.703577478041615884e-02
1.692711121745905586e-02
1.681905610118282490e-02
1.671160663156270876e-02
1.660476001734572521e-02
1.649851347605054558e-02
1.639286423396718595e-02
1.628780952615645899e-02
1.618334659644922804e-02
1.607947269744542176e-02
1.597618509051286842e-02
1.587348104578588381e-02
1.577135784216367881e-02
1.566981276730853787e-02
1.556884311764379983e-02
1.546844619835163227e-02
1.536861932337059596e-02
1.526935981539300977e-02
1.517066500586211099e-02
1.507253223496901780e-02
1.497495885164949574e-02
1.487794221358051429e-02
1.478147968717662304e-02
1.468556864758611795e-02
1.459020647868702371e-02
1.449539057308288185e-02
1.440111833209834630e-02
1.430738716577458630e-02
1.421419449286451080e-02
1.412153774082779666e-02
1.402941434582573310e-02
1.393782175271588743e-02
1.384675741504657991e-02
1.375621879505118696e-02
1.366620336364225349e-02
1.357670860040543701e-02
1.348773199359326255e-02
1.339927104011871643e-02
1.331132324554865076e-02
1.322388612409702499e-02
1.313695719861797048e-02
1.305053400059868508e-02
1.296461407015216116e-02
1.287919495600974018e-02
1.279427421551350419e-02
1.270984941460850601e-02
1.262591812783482592e-02
1.254247793831947400e-02
1.245952643776812585e-02
1.237706122645669884e-02
1.229507991322277560e-02
1.221358011545686101e-02
1.213255945909349175e-02
1.205201557860218278e-02
1.197194611697822639e-02
1.189234872573333504e-02
1.181322106488613514e-02
1.173456080295251502e-02
1.165636561693581506e-02
1.157863319231687733e-02
1.150136122304395124e-02
1.142454741152244650e-02
1.134818946860455084e-02
1.127228511357870194e-02
1.119683207415892064e-02
1.112182808647400011e-02
1.104727089505656151e-02
1.097315825283197085e-02
1.089948792110711877e-02
1.082625766955907197e-02
1.075346527622358071e-02
1.068110852748346135e-02
1.060918521805685050e-02
1.053769315098532049e-02
1.046663013762187677e-02
1.039599399761882183e-02
1.032578255891549064e-02
1.025599365772587347e-02
1.018662513852609808e-02
1.011767485404180787e-02
1.004914066523540130e-02
9.981020441293165374e-03
9.913312059612284372e-03
9.846013405787730488e-03
9.779122373599040061e-03
9.712636864996975275e-03
9.646554790090064446e-03
9.580874067131043420e-03
9.515592622503177278e-03
9.450708390706465817e-03
9.386219314343751882e-03
9.322123344106715212e-03
9.258418438761755256e-03
9.195102565135778588e-03
9.132173698101873557e-03
9.069629820564882594e-03
9.007468923446875636e-03
8.945689005672519470e-03
8.884288074154344725e-03
8.823264143777919191e-03
8.762615237386923994e-03
8.702339385768125685e-03
8.642434627636256389e-03
8.582899009618802019e-03
8.523730586240696808e-03
8.464927419908918962e-03
8.406487580897004791e-03
8.348409147329463945e-03
8.290690205166113130e-03
8.233328848186316148e-03
8.176323177973140663e-03
8.119671303897423031e-03
8.063371343101762012e-03
8.007421420484411856e-03
7.951819668683106010e-03
7.896564228058790616e-03
7.841653246679285150e-03
7.787084880302855457e-03
7.732857292361715665e-03
7.678968653945448565e-03
7.625417143784349663e-03
7.572200948232700110e-03
7.519318261251959831e-03
7.466767284393889537e-03
7.414546226783602471e-03
7.362653305102542442e-03
7.311086743571394188e-03
7.259844773932920894e-03
7.208925635434736655e-03
7.158327574812011276e-03
7.108048846270106566e-03
7.058087711467150166e-03
7.008442439496544336e-03
6.959111306869410554e-03
6.910092597496972529e-03
6.861384602672878502e-03
6.812985621055461100e-03
6.764893958649939934e-03
6.717107928790565230e-03
6.669625852122702467e-03
6.622446056584864113e-03
6.575566877390680645e-03
6.528986657010819525e-03
6.482703745154852135e-03
6.436716498753065202e-03
6.391023281938220182e-03
6.345622466027263202e-03
6.300512429502984693e-03
6.255691557995628725e-03
6.211158244264455494e-03
6.166910888179255243e-03
6.122947896701814476e-03
6.079267683867340538e-03
6.035868670765838495e-03
5.992749285523443770e-03
5.949907963283712284e-03
5.907343146188870700e-03
5.865053283361021559e-03
5.823036830883311990e-03
5.781292251781059051e-03
5.739818016002838641e-03
5.698612600401537116e-03
5.657674488715363874e-03
5.617002171548829241e-03
5.576594146353686804e-03
5.536448917409839306e-03
5.496564995806214188e-03
5.456940899421604436e-03
5.417575152905475602e-03
5.378466287658746799e-03
5.339612841814533536e-03
5.301013360218868875e-03
5.262666394411389011e-03
5.224570502605995446e-03
5.186724249671487673e-03
5.149126207112169826e-03
5.111774953048431325e-03
5.074669072197302358e-03
5.037807155852986815e-03
5.001187801867368332e-03
4.964809614630498122e-03
4.928671205051055916e-03
4.892771190536794428e-03
4.857108194974960394e-03
4.821680848712695672e-03
4.786487788537420116e-03
4.751527657657197978e-03
4.716799105681084361e-03
4.682300788599455185e-03
4.648031368764321547e-03
4.613989514869628467e-03
4.580173901931538887e-03
4.546583211268704662e-03
4.513216130482521071e-03
4.480071353437374386e-03
4.447147580240869494e-03
4.414443517224055785e-03
4.381957876921633091e-03
4.349689378052155019e-03
4.317636745498217542e-03
4.285798710286644123e-03
4.254174009568658689e-03
4.222761386600054276e-03
4.191559590721351258e-03
4.160567377337955584e-03
4.129783507900303997e-03
4.099206749884012728e-03
4.068835876770015778e-03
4.038669668024703202e-03
4.008706909080053324e-03
3.978946391313767546e-03
3.949386912029398226e-03
3.920027274436480892e-03
3.890866287630660378e-03
3.861902766573823472e-03
3.833135532074225926e-03
3.804563410766625964e-03
3.776185235092417367e-03
3.747999843279764282e-03
3.720006079323742113e-03
3.692202792966479703e-03
3.664588839677307159e-03
3.637163080632905849e-03
3.609924382697467498e-03
3.582871618402858494e-03
3.556003665928787662e-03
3.529319409082984013e-03
3.502817737281382730e-03
3.476497545528315063e-03
3.450357734396712530e-03
3.424397210008315890e-03
3.398614884013894961e-03
3.373009673573481009e-03
3.347580501336606517e-03
3.322326295422558390e-03
3.297245989400642008e-03
3.272338522270457854e-03
3.247602838442191150e-03
3.223037887716914511e-03
3.198642625266904464e-03
3.174416011615971856e-03
3.150357012619807873e-03
3.126464599446344365e-03
3.102737748556130219e-03
3.079175441682723783e-03
3.055776665813102633e-03
3.032540413168089387e-03
3.009465681182794863e-03
2.986551472487081194e-03
2.963796794886040982e-03
2.941200661340497707e-03
2.918762089947523047e-03
2.896480103920975879e-03
2.874353731572060373e-03
2.852382006289904889e-03
2.830563966522163001e-03
2.808898655755634900e-03
2.787385122496910481e-03
2.766022420253035855e-03
2.744809607512201967e-03
2.723745747724455775e-03
2.702829909282436147e-03
2.682061165502132739e-03
2.661438594603670466e-03
2.640961279692116519e-03
2.620628308738314274e-03
2.600438774559743222e-03
2.580391774801401878e-03
2.560486411916720190e-03
2.540721793148496659e-03
2.521097030509862787e-03
2.501611240765276144e-03
2.482263545411537726e-03
2.463053070658841829e-03
2.443978947411851524e-03
2.425040311250803177e-03
2.406236302412640467e-03
2.387566065772178323e-03
2.369028750823295917e-03
2.350623511660160023e-03
2.332349506958478289e-03
2.314205899956784610e-03
2.296191858437754418e-03
2.278306554709551637e-03
2.260549165587207726e-03
2.242918872374032382e-03
2.225414860843057206e-03
2.208036321218510584e-03
2.190782448157327280e-03
2.173652440730690534e-03
2.156645502405608004e-03
2.139760841026520661e-03
2.122997668796945941e-03
2.106355202261157335e-03
2.089832662285896064e-03
2.073429274042118756e-03
2.057144266986781107e-03
2.040976874844655821e-03
2.024926335590186959e-03
2.008991891429380301e-03
1.993172788781730556e-03
1.977468278262183281e-03
1.961877614663136687e-03
1.946400056936477708e-03
1.931034868175656458e-03
1.915781315597798410e-03
1.900638670525854092e-03
1.885606208370787379e-03
1.870683208613801518e-03
1.855868954788603316e-03
1.841162734463707004e-03
1.826563839224776709e-03
1.812071564657007517e-03
1.797685210327547084e-03
1.783404079767955848e-03
1.769227480456707358e-03
1.755154723801729362e-03
1.741185125122983500e-03
1.727318003635087496e-03
1.713552682429976591e-03
1.699888488459606406e-03
1.686324752518695907e-03
1.672860809227513530e-03
1.659495997014702766e-03
1.646229658100150685e-03
1.633061138477897222e-03
1.619989787899087617e-03
1.607014959854965617e-03
1.594136011559910268e-03
1.581352303934514553e-03
1.568663201588706754e-03
1.556068072804914736e-03
1.543566289521272963e-03
1.531157227314873743e-03
1.518840265385059448e-03
1.506614786536760722e-03
1.494480177163877389e-03
1.482435827232702523e-03
1.470481130265390750e-03
1.458615483323471218e-03
1.446838286991404153e-03
1.435148945360181869e-03
1.423546866010974013e-03
1.412031459998817689e-03
1.400602141836352916e-03
1.389258329477601438e-03
1.377999444301791516e-03
1.366824911097228252e-03
1.355734158045207929e-03
1.344726616703978764e-03
1.333801721992746315e-03
1.322958912175724658e-03
1.312197628846234173e-03
1.301517316910843353e-03
1.290917424573558101e-03
1.280397403320056131e-03
1.269956707901967767e-03
1.259594796321202503e-03
1.249311129814323048e-03
1.239105172836963819e-03
1.228976393048297582e-03
1.218924261295547835e-03
1.208948251598548256e-03
1.199047841134348548e-03
1.189222510221866688e-03
1.179471742306588888e-03
1.169795023945316382e-03
1.160191844790958628e-03
1.150661697577373774e-03
1.141204078104256833e-03
1.131818485222074906e-03
1.122504420817049039e-03
1.113261389796183984e-03
1.104088900072345896e-03
1.094986462549386429e-03
1.085953591107314750e-03
1.076989802587517914e-03
1.068094616778027641e-03
1.059267556398835446e-03
1.050508147087255914e-03
1.041815917383337019e-03
1.033190398715318160e-03
1.024631125385136758e-03
1.016137634553983000e-03
1.007709466227900766e-03
9.993461632434388637e-04
9.910472712533486671e-04
9.828123387123303273e-04
9.746409168628270133e-04
9.665325597208676177e-04
9.584868240619567317e-04
9.505032694070138450e-04
9.425814580083597067e-04
9.347209548357516933e-04
9.269213275624667726e-04
9.191821465514334738e-04
9.115029848414109119e-04
9.038834181332173600e-04
8.963230247760062015e-04
8.888213857535906710e-04
8.813780846708165178e-04
8.739927077399833487e-04
8.666648437673136769e-04
8.593940841394709764e-04
8.521800228101256581e-04
8.450222562865691844e-04
8.379203836163769733e-04
8.308740063741191150e-04
8.238827286481197705e-04
8.169461570272642734e-04
8.100639005878553477e-04
8.032355708805165957e-04
7.964607819171453176e-04
7.897391501579126023e-04
7.830702944983122067e-04
7.764538362562572495e-04
7.698893991592256928e-04
7.633766093314530961e-04
7.569150952811742666e-04
7.505044878879128323e-04
7.441444203898188448e-04
7.378345283710538698e-04
7.315744497492254099e-04
7.253638247628681635e-04
7.192022959589738570e-04
7.130895081805687817e-04
7.070251085543393602e-04
7.010087464783055274e-04
6.950400736095419234e-04
6.891187438519470092e-04
6.832444133440597782e-04
6.774167404469242813e-04
6.716353857320020741e-04
6.659000119691317176e-04
6.602102841145363098e-04
6.545658692988786135e-04
6.489664368153633470e-04
6.434116581078872877e-04
6.379012067592365392e-04
6.324347584793311777e-04
6.270119910935172776e-04
6.216325845309063174e-04
6.162962208127613145e-04
6.110025840409306647e-04
6.057513603863287112e-04
6.005422380774633672e-04
5.953749073890107942e-04
5.902490606304369161e-04
5.851643921346660979e-04
5.801205982467959018e-04
5.751173773128593313e-04
5.701544296686331548e-04
5.652314576284931747e-04
5.603481654743157911e-04
5.555042594444262963e-04
5.506994477225932464e-04
5.459334404270693459e-04
5.412059495996784106e-04
5.365166891949486264e-04
5.318653750692918861e-04
5.272517249702294217e-04
5.226754585256627571e-04
5.181362972331909553e-04
5.136339644494739443e-04
5.091681853796407300e-04
5.047386870667442283e-04
5.003451983812608759e-04
4.959874500106361021e-04
4.916651744488752295e-04
4.873781059861795849e-04
4.831259806986278223e-04
4.789085364379024024e-04
4.747255128210612295e-04
4.705766512203542824e-04
4.664616947530850232e-04
4.623803882715166918e-04
4.583324783528232153e-04
4.543177132890850582e-04
4.503358430773291986e-04
4.463866194096138286e-04
4.424697956631573983e-04
4.385851268905117863e-04
4.347323698097798153e-04
4.309112827948767305e-04
4.271216258658356983e-04
4.233631606791572678e-04
4.196356505182025271e-04
4.159388602836300601e-04
4.122725564838764347e-04
4.086365072256802761e-04
4.050304822046496534e-04
4.014542526958727806e-04
3.979075915445721393e-04
3.943902731568013197e-04
3.909020734901853377e-04
3.874427700447034524e-04
3.840121418535150815e-04
3.806099694738282165e-04
3.772360349778105561e-04
3.738901219435431943e-04
3.705720154460164840e-04
3.672815020481684555e-04
3.640183697919651394e-04
3.607824081895232276e-04
3.575734082142746390e-04
3.543911622921727179e-04
3.512354642929405002e-04
3.481061095213605042e-04
3.450028947086059374e-04
3.419256180036135922e-04
3.388740789644978857e-04
3.358480785500060455e-04
3.328474191110146582e-04
3.298719043820668210e-04
3.269213394729506548e-04
3.239955308603181513e-04
3.210942863793448386e-04
3.182174152154300514e-04
3.153647278959375872e-04
3.125360362819765863e-04
3.097311535602226902e-04
3.069498942347793154e-04
3.041920741190788798e-04
3.014575103278238741e-04
2.987460212689675059e-04
2.960574266357344055e-04
2.933915473986803087e-04
2.907482057977915299e-04
2.881272253346235743e-04
2.855284307644787825e-04
2.829516480886232221e-04
2.803967045465425027e-04
2.778634286082360804e-04
2.753516499665507010e-04
2.728611995295520082e-04
2.703919094129349655e-04
2.679436129324722256e-04
2.655161445965010972e-04
2.631093400984482419e-04
2.607230363093926439e-04
2.583570712706662010e-04
2.560112841864922630e-04
2.536855154166614665e-04
2.513796064692454626e-04
2.490933999933477245e-04
2.468267397718914885e-04
2.445794707144453720e-04
2.423514388500852838e-04
2.401424913202937679e-04
2.379524763718958566e-04
2.357812433500315434e-04
2.336286426911649017e-04
2.314945259161294423e-04
2.293787456232099014e-04
2.272811554812600228e-04
2.252016102228564720e-04
2.231399656374885826e-04
2.210960785647839090e-04
2.190698068877694222e-04
2.170610095261682395e-04
2.150695464297317817e-04
2.130952785716071392e-04
2.111380679417396470e-04
2.091977775403105620e-04
2.072742713712094609e-04
2.053674144355416308e-04
2.034770727251700195e-04
2.016031132162916350e-04
1.997454038630485599e-04
1.979038135911731435e-04
1.960782122916672390e-04
1.942684708145157012e-04
1.924744609624336569e-04
1.906960554846476568e-04
1.889331280707103565e-04
1.871855533443488615e-04
1.854532068573464117e-04
1.837359650834574057e-04
1.820337054123556003e-04
1.803463061436152439e-04
1.786736464807252777e-04
1.770156065251361982e-04
1.753720672703396901e-04
1.737429105959806491e-04
1.721280192620018134e-04
1.705272769028205672e-04
1.689405680215379463e-04
1.673677779841796541e-04
1.658087930139690350e-04
1.642635001856318142e-04
1.627317874197324967e-04
1.612135434770423710e-04
1.597086579529388727e-04
1.582170212718362007e-04
1.567385246816472666e-04
1.552730602482764899e-04
1.538205208501436556e-04
1.523808001727385356e-04
1.509537927032061390e-04
1.495393937249625646e-04
1.481374993123412375e-04
1.467480063252695301e-04
1.453708124039754712e-04
1.440058159637244858e-04
1.426529161895861682e-04
1.413120130312308439e-04
1.399830071977557560e-04
1.386658001525408249e-04
1.373602941081338968e-04
1.360663920211652666e-04
1.347839975872914197e-04
1.335130152361677764e-04
1.322533501264504924e-04
1.310049081408270187e-04
1.297675958810753374e-04
1.285413206631518489e-04
1.273259905123076642e-04
1.261215141582332764e-04
1.249278010302313678e-04
1.237447612524178594e-04
1.225723056389507715e-04
1.214103456892869879e-04
1.202587935834668436e-04
1.191175621774261708e-04
1.179865649983359636e-04
1.168657162399693250e-04
1.157549307580957217e-04
1.146541240659023172e-04
1.135632123294423416e-04
1.124821123631103371e-04
1.114107416251441956e-04
1.103490182131538550e-04
1.092968608596764227e-04
1.082541889277578484e-04
1.072209224065608481e-04
1.061969819069989441e-04
1.051822886573966070e-04
1.041767644991753775e-04
1.031803318825656984e-04
1.021929138623445764e-04
1.012144340935987238e-04
1.002448168275132321e-04
9.928398690718559017e-05
9.833186976346488140e-05
9.738839141081620347e-05
9.645347844320996985e-05
9.552705803003617524e-05
9.460905791204342146e-05
9.369940639730258184e-05
9.279803235719502282e-05
9.190486522242520648e-05
9.101983497905766056e-05
9.014287216457811261e-05
8.927390786397870705e-05
8.841287370586716941e-05
8.755970185859986382e-05
8.671432502643858090e-05
8.587667644573092058e-05
8.504668988111418863e-05
8.422429962174276608e-05
8.340944047753868064e-05
8.260204777546536646e-05
8.180205735582453093e-05
8.100940556857596597e-05
8.022402926968014104e-05
7.944586581746360511e-05
7.867485306900694002e-05
7.791092937655526524e-05
7.715403358395111783e-05
7.640410502308966705e-05
7.566108351039600591e-05
7.492490934332461476e-05
7.419552329688075282e-05
7.347286662016365574e-05
7.275688103293155269e-05
7.204750872218823208e-05
7.134469233879123695e-05
7.064837499408135153e-05
6.995850025653352778e-05
6.927501214842891333e-05
6.859785514254804835e-05
6.792697415888500118e-05
6.726231456138241540e-05
6.660382215468733306e-05
6.595144318092771248e-05
6.530512431650945112e-05
6.466481266893394047e-05
6.403045577363594980e-05
6.340200159084175729e-05
6.277939850244742030e-05
6.216259530891714400e-05
6.155154122620155866e-05
6.094618588267580397e-05
6.034647931609742717e-05
5.975237197058384418e-05
5.916381469360938424e-05
5.858075873302172814e-05
5.800315573407770626e-05
5.743095773649830731e-05
5.686411717154282323e-05
5.630258685910200834e-05
5.574632000481018483e-05
5.519527019717615924e-05
5.464939140473287527e-05
5.410863797320569454e-05
5.357296462269919011e-05
5.304232644490240533e-05
5.251667890031241535e-05
5.199597781547613033e-05
5.148017938025025234e-05
5.096924014507923662e-05
5.046311701829125083e-05
4.996176726341191497e-05
4.946514849649585633e-05
4.897321868347586217e-05
4.848593613752962380e-05
4.800325951646395645e-05
4.752514782011634621e-05
4.705156038777380339e-05
4.658245689560887353e-05
4.611779735413277191e-05
4.565754210566547237e-05
4.520165182182269602e-05
4.475008750101974584e-05
4.430281046599200408e-05
