9.999999999999999547e-07
6.002001000500250577e-06
1.100400200100050226e-05
1.600600300150075309e-05
2.100800400200100393e-05
2.601000500250125476e-05
3.101200600300150221e-05
3.601400700350175304e-05
4.101600800400200387e-05
4.601800900450225471e-05
5.102001000500250554e-05
5.602201100550275638e-05
6.102401200600300721e-05
6.602601300650325804e-05
7.102801400700350888e-05
7.603001500750375971e-05
8.103201600800401055e-05
8.603401700850426138e-05
9.103601800900451221e-05
9.603801900950476305e-05
1.010400200100050139e-04
1.060420210105052647e-04
1.110440220110055155e-04
1.160460230115057664e-04
1.210480240120060172e-04
1.260500250125062545e-04
1.310520260130065189e-04
1.360540270135067833e-04
1.410560280140070206e-04
1.460580290145072578e-04
1.510600300150075222e-04
1.560620310155077866e-04
1.610640320160080239e-04
1.660660330165082612e-04
1.710680340170085256e-04
1.760700350175087899e-04
1.810720360180090272e-04
1.860740370185092645e-04
1.910760380190095289e-04
1.960780390195097933e-04
2.010800400200100306e-04
2.060820410205102678e-04
2.110840420210105322e-04
2.160860430215107966e-04
2.210880440220110339e-04
2.260900450225112712e-04
2.310920460230115356e-04
2.360940470235118000e-04
2.410960480240120372e-04
2.460980490245123016e-04
2.511000500250125389e-04
2.561020510255128304e-04
2.611040520260130677e-04
2.661060530265133050e-04
2.711080540270135964e-04
2.761100550275138337e-04
2.811120560280140710e-04
2.861140570285143083e-04
2.911160580290145456e-04
2.961180590295148371e-04
3.011200600300150743e-04
3.061220610305153116e-04
3.111240620310156031e-04
3.161260630315158404e-04
3.211280640320160777e-04
3.261300650325163150e-04
3.311320660330165522e-04
3.361340670335168437e-04
3.411360680340170810e-04
3.461380690345173183e-04
3.511400700350176098e-04
3.561420710355178471e-04
3.611440720360180844e-04
3.661460730365183216e-04
3.711480740370185589e-04
3.761500750375188504e-04
3.811520760380190877e-04
3.861540770385193250e-04
3.911560780390196165e-04
3.961580790395198537e-04
4.011600800400200910e-04
4.061620810405203283e-04
4.111640820410205656e-04
4.161660830415208571e-04
4.211680840420210944e-04
4.261700850425213316e-04
4.311720860430216231e-04
4.361740870435218604e-04
4.411760880440220977e-04
4.461780890445223350e-04
4.511800900450225723e-04
4.561820910455228638e-04
4.611840920460231010e-04
4.661860930465233383e-04
4.711880940470236298e-04
4.761900950475238671e-04
4.811920960480241044e-04
4.861940970485243417e-04
4.911960980490245789e-04
4.961980990495248704e-04
5.012001000500250535e-04
5.062021010505253450e-04
5.112041020510256365e-04
5.162061030515258196e-04
5.212081040520261110e-04
5.262101050525264025e-04
5.312121060530265856e-04
5.362141070535268771e-04
5.412161080540271686e-04
5.462181090545273517e-04
5.512201100550276432e-04
5.562221110555278262e-04
5.612241120560281177e-04
5.662261130565284092e-04
5.712281140570285923e-04
5.762301150575288838e-04
5.812321160580290668e-04
5.862341170585293583e-04
5.912361180590296498e-04
5.962381190595298329e-04
6.012401200600301244e-04
6.062421210605304159e-04
6.112441220610305989e-04
6.162461230615308904e-04
6.212481240620311819e-04
6.262501250625313650e-04
6.312521260630316565e-04
6.362541270635318396e-04
6.412561280640321311e-04
6.462581290645324225e-04
6.512601300650326056e-04
6.562621310655328971e-04
6.612641320660330802e-04
6.662661330665333717e-04
6.712681340670336632e-04
6.762701350675338462e-04
6.812721360680341377e-04
6.862741370685344292e-04
6.912761380690346123e-04
6.962781390695349038e-04
7.012801400700351953e-04
7.062821410705353783e-04
7.112841420710356698e-04
7.162861430715358529e-04
7.212881440720361444e-04
7.262901450725364359e-04
7.312921460730366190e-04
7.362941470735369105e-04
7.412961480740370935e-04
7.462981490745373850e-04
7.513001500750376765e-04
7.563021510755378596e-04
7.613041520760381511e-04
7.663061530765384426e-04
7.713081540770386256e-04
7.763101550775389171e-04
7.813121560780392086e-04
7.863141570785393917e-04
7.913161580790396832e-04
7.963181590795398663e-04
8.013201600800401577e-04
8.063221610805404492e-04
8.113241620810406323e-04
8.163261630815409238e-04
8.213281640820411069e-04
8.263301650825413984e-04
8.313321660830416899e-04
8.363341670835418729e-04
8.413361680840421644e-04
8.463381690845424559e-04
8.513401700850426390e-04
8.563421710855429305e-04
8.613441720860432220e-04
8.663461730865434050e-04
8.713481740870436965e-04
8.763501750875438796e-04
8.813521760880441711e-04
8.863541770885444626e-04
8.913561780890446457e-04
8.963581790895449371e-04
9.013601800900451202e-04
9.063621810905454117e-04
9.113641820910457032e-04
9.163661830915458863e-04
9.213681840920461778e-04
9.263701850925464693e-04
9.313721860930466523e-04
9.363741870935469438e-04
9.413761880940472353e-04
9.463781890945474184e-04
9.513801900950477099e-04
9.563821910955478929e-04
9.613841920960481844e-04
9.663861930965484759e-04
9.713881940970486590e-04
9.763901950975489505e-04
9.813921960980490251e-04
9.863941970985493166e-04
9.913961980990496081e-04
9.963981990995498996e-04
1.001400200100049974e-03
1.006402201100550266e-03
1.011404202101050557e-03
1.016406203101550849e-03
1.021408204102051140e-03
1.026410205102551432e-03
1.031412206103051506e-03
1.036414207103551798e-03
1.041416208104052089e-03
1.046418209104552381e-03
1.051420210105052672e-03
1.056422211105552747e-03
1.061424212106053038e-03
1.066426213106553330e-03
1.071428214107053621e-03
1.076430215107553913e-03
1.081432216108054204e-03
1.086434217108554279e-03
1.091436218109054571e-03
1.096438219109554862e-03
1.101440220110055154e-03
1.106442221110555445e-03
1.111444222111055520e-03
1.116446223111555811e-03
1.121448224112056103e-03
1.126450225112556394e-03
1.131452226113056686e-03
1.136454227113556760e-03
1.141456228114057052e-03
1.146458229114557343e-03
1.151460230115057635e-03
1.156462231115557926e-03
1.161464232116058001e-03
1.166466233116558292e-03
1.171468234117058584e-03
1.176470235117558875e-03
1.181472236118059167e-03
1.186474237118559458e-03
1.191476238119059533e-03
1.196478239119559825e-03
1.201480240120060116e-03
1.206482241120560408e-03
1.211484242121060699e-03
1.216486243121560774e-03
1.221488244122061065e-03
1.226490245122561357e-03
1.231492246123061648e-03
1.236494247123561940e-03
1.241496248124062231e-03
1.246498249124562306e-03
1.251500250125062597e-03
1.256502251125562889e-03
1.261504252126063180e-03
1.266506253126563472e-03
1.271508254127063546e-03
1.276510255127563838e-03
1.281512256128064129e-03
1.286514257128564421e-03
1.291516258129064712e-03
1.296518259129564787e-03
1.301520260130065079e-03
1.306522261130565370e-03
1.311524262131065661e-03
1.316526263131565953e-03
1.321528264132066028e-03
1.326530265132566319e-03
1.331532266133066611e-03
1.336534267133566902e-03
1.341536268134067194e-03
1.346538269134567485e-03
1.351540270135067560e-03
1.356542271135567851e-03
1.361544272136068143e-03
1.366546273136568434e-03
1.371548274137068726e-03
1.376550275137568800e-03
1.381552276138069092e-03
1.386554277138569383e-03
1.391556278139069675e-03
1.396558279139569966e-03
1.401560280140070258e-03
1.406562281140570332e-03
1.411564282141070624e-03
1.416566283141570915e-03
1.421568284142071207e-03
1.426570285142571498e-03
1.431572286143071573e-03
1.436574287143571865e-03
1.441576288144072156e-03
1.446578289144572448e-03
1.451580290145072739e-03
1.456582291145572814e-03
1.461584292146073105e-03
1.466586293146573397e-03
1.471588294147073688e-03
1.476590295147573980e-03
1.481592296148074054e-03
1.486594297148574346e-03
1.491596298149074637e-03
1.496598299149574929e-03
1.501600300150075220e-03
1.506602301150575512e-03
1.511604302151075586e-03
1.516606303151575878e-03
1.521608304152076169e-03
1.526610305152576461e-03
1.531612306153076752e-03
1.536614307153576827e-03
1.541616308154077119e-03
1.546618309154577410e-03
1.551620310155077702e-03
1.556622311155577993e-03
1.561624312156078285e-03
1.566626313156578359e-03
1.571628314157078651e-03
1.576630315157578942e-03
1.581632316158079234e-03
1.586634317158579525e-03
1.591636318159079600e-03
1.596638319159579891e-03
1.601640320160080183e-03
1.606642321160580474e-03
1.611644322161080766e-03
1.616646323161580840e-03
1.621648324162081132e-03
1.626650325162581423e-03
1.631652326163081715e-03
1.636654327163582006e-03
1.641656328164082081e-03
1.646658329164582373e-03
1.651660330165082664e-03
1.656662331165582955e-03
1.661664332166083247e-03
1.666666333166583538e-03
1.671668334167083613e-03
1.676670335167583905e-03
1.681672336168084196e-03
1.686674337168584488e-03
1.691676338169084779e-03
1.696678339169584854e-03
1.701680340170085145e-03
1.706682341170585437e-03
1.711684342171085728e-03
1.716686343171586020e-03
1.721688344172086311e-03
1.726690345172586386e-03
1.731692346173086677e-03
1.736694347173586969e-03
1.741696348174087260e-03
1.746698349174587552e-03
1.751700350175087626e-03
1.756702351175587918e-03
1.761704352176088209e-03
1.766706353176588501e-03
1.771708354177088792e-03
1.776710355177588867e-03
1.781712356178089159e-03
1.786714357178589450e-03
1.791716358179089742e-03
1.796718359179590033e-03
1.801720360180090108e-03
1.806722361180590399e-03
1.811724362181090691e-03
1.816726363181590982e-03
1.821728364182091274e-03
1.826730365182591565e-03
1.831732366183091640e-03
1.836734367183591931e-03
1.841736368184092223e-03
1.846738369184592514e-03
1.851740370185092806e-03
1.856742371185592880e-03
1.861744372186093172e-03
1.866746373186593463e-03
1.871748374187093755e-03
1.876750375187594046e-03
1.881752376188094338e-03
1.886754377188594413e-03
1.891756378189094704e-03
1.896758379189594996e-03
1.901760380190095287e-03
1.906762381190595579e-03
1.911764382191095653e-03
1.916766383191595945e-03
1.921768384192096236e-03
1.926770385192596528e-03
1.931772386193096819e-03
1.936774387193596894e-03
1.941776388194097185e-03
1.946778389194597477e-03
1.951780390195097768e-03
1.956782391195598277e-03
1.961784392196098351e-03
1.966786393196598860e-03
1.971788394197098934e-03
1.976790395197599009e-03
1.981792396198099517e-03
1.986794397198599592e-03
1.991796398199100100e-03
1.996798399199600175e-03
2.001800400200100249e-03
2.006802401200600758e-03
2.011804402201100832e-03
2.016806403201601341e-03
2.021808404202101415e-03
2.026810405202601924e-03
2.031812406203101998e-03
2.036814407203602073e-03
2.041816408204102581e-03
2.046818409204602656e-03
2.051820410205103164e-03
2.056822411205603239e-03
2.061824412206103314e-03
2.066826413206603822e-03
2.071828414207103897e-03
2.076830415207604405e-03
2.081832416208104480e-03
2.086834417208604554e-03
2.091836418209105063e-03
2.096838419209605137e-03
2.101840420210105646e-03
2.106842421210605720e-03
2.111844422211105795e-03
2.116846423211606303e-03
2.121848424212106378e-03
2.126850425212606886e-03
2.131852426213106961e-03
2.136854427213607036e-03
2.141856428214107544e-03
2.146858429214607619e-03
2.151860430215108127e-03
2.156862431215608202e-03
2.161864432216108710e-03
2.166866433216608785e-03
2.171868434217108859e-03
2.176870435217609367e-03
2.181872436218109442e-03
2.186874437218609950e-03
2.191876438219110025e-03
2.196878439219610100e-03
2.201880440220110608e-03
2.206882441220610683e-03
2.211884442221111191e-03
2.216886443221611266e-03
2.221888444222111340e-03
2.226890445222611849e-03
2.231892446223111923e-03
2.236894447223612432e-03
2.241896448224112506e-03
2.246898449224612581e-03
2.251900450225113089e-03
2.256902451225613164e-03
2.261904452226113672e-03
2.266906453226613747e-03
2.271908454227113822e-03
2.276910455227614330e-03
2.281912456228114405e-03
2.286914457228614913e-03
2.291916458229114988e-03
2.296918459229615062e-03
2.301920460230115571e-03
2.306922461230615645e-03
2.311924462231116154e-03
2.316926463231616228e-03
2.321928464232116303e-03
2.326930465232616811e-03
2.331932466233116886e-03
2.336934467233617394e-03
2.341936468234117469e-03
2.346938469234617977e-03
2.351940470235118052e-03
2.356942471235618126e-03
2.361944472236118635e-03
2.366946473236618709e-03
2.371948474237119218e-03
2.376950475237619292e-03
2.381952476238119367e-03
2.386954477238619875e-03
2.391956478239119950e-03
2.396958479239620458e-03
2.401960480240120533e-03
2.406962481240620608e-03
2.411964482241121116e-03
2.416966483241621191e-03
2.421968484242121699e-03
2.426970485242621774e-03
2.431972486243121848e-03
2.436974487243622357e-03
2.441976488244122431e-03
2.446978489244622940e-03
2.451980490245123014e-03
2.456982491245623089e-03
2.461984492246123597e-03
2.466986493246623672e-03
2.471988494247124180e-03
2.476990495247624255e-03
2.481992496248124763e-03
2.486994497248624838e-03
2.491996498249124913e-03
2.496998499249625421e-03
2.502000500250125496e-03
2.507002501250626004e-03
2.512004502251126078e-03
2.517006503251626153e-03
2.522008504252126661e-03
2.527010505252626736e-03
2.532012506253127244e-03
2.537014507253627319e-03
2.542016508254127394e-03
2.547018509254627902e-03
2.552020510255127977e-03
2.557022511255628485e-03
2.562024512256128560e-03
2.567026513256628634e-03
2.572028514257129143e-03
2.577030515257629217e-03
2.582032516258129726e-03
2.587034517258629800e-03
2.592036518259129875e-03
2.597038519259630383e-03
2.602040520260130458e-03
2.607042521260630966e-03
2.612044522261131041e-03
2.617046523261631116e-03
2.622048524262131624e-03
2.627050525262631699e-03
2.632052526263132207e-03
2.637054527263632282e-03
2.642056528264132356e-03
2.647058529264632865e-03
2.652060530265132939e-03
2.657062531265633448e-03
2.662064532266133522e-03
2.667066533266634031e-03
2.672068534267134105e-03
2.677070535267634180e-03
2.682072536268134688e-03
2.687074537268634763e-03
2.692076538269135271e-03
2.697078539269635346e-03
2.702080540270135420e-03
2.707082541270635929e-03
2.712084542271136003e-03
2.717086543271636512e-03
2.722088544272136586e-03
2.727090545272636661e-03
2.732092546273137169e-03
2.737094547273637244e-03
2.742096548274137752e-03
2.747098549274637827e-03
2.752100550275137902e-03
2.757102551275638410e-03
2.762104552276138485e-03
2.767106553276638993e-03
2.772108554277139068e-03
2.777110555277639142e-03
2.782112556278139651e-03
2.787114557278639725e-03
2.792116558279140234e-03
2.797118559279640308e-03
2.802120560280140817e-03
2.807122561280640891e-03
2.812124562281140966e-03
2.817126563281641474e-03
2.822128564282141549e-03
2.827130565282642057e-03
2.832132566283142132e-03
2.837134567283642207e-03
2.842136568284142715e-03
2.847138569284642790e-03
2.852140570285143298e-03
2.857142571285643372e-03
2.862144572286143447e-03
2.867146573286643955e-03
2.872148574287144030e-03
2.877150575287644538e-03
2.882152576288144613e-03
2.887154577288644688e-03
2.892156578289145196e-03
2.897158579289645271e-03
2.902160580290145779e-03
2.907162581290645854e-03
2.912164582291145928e-03
2.917166583291646437e-03
2.922168584292146511e-03
2.927170585292647020e-03
2.932172586293147094e-03
2.937174587293647169e-03
2.942176588294147677e-03
2.947178589294647752e-03
2.952180590295148260e-03
2.957182591295648335e-03
2.962184592296148410e-03
2.967186593296648918e-03
2.972188594297148993e-03
2.977190595297649501e-03
2.982192596298149576e-03
2.987194597298650084e-03
2.992196598299150159e-03
2.997198599299650233e-03
3.002200600300150742e-03
3.007202601300650816e-03
3.012204602301151325e-03
3.017206603301651399e-03
3.022208604302151474e-03
3.027210605302651982e-03
3.032212606303152057e-03
3.037214607303652565e-03
3.042216608304152640e-03
3.047218609304652714e-03
3.052220610305153223e-03
3.057222611305653297e-03
3.062224612306153806e-03
3.067226613306653880e-03
3.072228614307153955e-03
3.077230615307654463e-03
3.082232616308154538e-03
3.087234617308655046e-03
3.092236618309155121e-03
3.097238619309655196e-03
3.102240620310155704e-03
3.107242621310655779e-03
3.112244622311156287e-03
3.117246623311656362e-03
3.122248624312156870e-03
3.127250625312656945e-03
3.132252626313157019e-03
3.137254627313657528e-03
3.142256628314157602e-03
3.147258629314658111e-03
3.152260630315158185e-03
3.157262631315658260e-03
3.162264632316158768e-03
3.167266633316658843e-03
3.172268634317159351e-03
3.177270635317659426e-03
3.182272636318159501e-03
3.187274637318660009e-03
3.192276638319160083e-03
3.197278639319660592e-03
3.202280640320160666e-03
3.207282641320660741e-03
3.212284642321161249e-03
3.217286643321661324e-03
3.222288644322161832e-03
3.227290645322661907e-03
3.232292646323161982e-03
3.237294647323662490e-03
3.242296648324162565e-03
3.247298649324663073e-03
3.252300650325163148e-03
3.257302651325663222e-03
3.262304652326163731e-03
3.267306653326663805e-03
3.272308654327164314e-03
3.277310655327664388e-03
3.282312656328164463e-03
3.287314657328664971e-03
3.292316658329165046e-03
3.297318659329665554e-03
3.302320660330165629e-03
3.307322661330666137e-03
3.312324662331166212e-03
3.317326663331666287e-03
3.322328664332166795e-03
3.327330665332666870e-03
3.332332666333167378e-03
3.337334667333667453e-03
3.342336668334167527e-03
3.347338669334668036e-03
3.352340670335168110e-03
3.357342671335668619e-03
3.362344672336168693e-03
3.367346673336668768e-03
3.372348674337169276e-03
3.377350675337669351e-03
3.382352676338169859e-03
3.387354677338669934e-03
3.392356678339170008e-03
3.397358679339670517e-03
3.402360680340170591e-03
3.407362681340671100e-03
3.412364682341171174e-03
3.417366683341671249e-03
3.422368684342171757e-03
3.427370685342671832e-03
3.432372686343172340e-03
3.437374687343672415e-03
3.442376688344172923e-03
3.447378689344672998e-03
3.452380690345173073e-03
3.457382691345673581e-03
3.462384692346173656e-03
3.467386693346674164e-03
3.472388694347174239e-03
3.477390695347674313e-03
3.482392696348174822e-03
3.487394697348674896e-03
3.492396698349175405e-03
3.497398699349675479e-03
3.502400700350175554e-03
3.507402701350676062e-03
3.512404702351176137e-03
3.517406703351676645e-03
3.522408704352176720e-03
3.527410705352676795e-03
3.532412706353177303e-03
3.537414707353677377e-03
3.542416708354177886e-03
3.547418709354677960e-03
3.552420710355178035e-03
3.557422711355678543e-03
3.562424712356178618e-03
3.567426713356679126e-03
3.572428714357179201e-03
3.577430715357679276e-03
3.582432716358179784e-03
3.587434717358679859e-03
3.592436718359180367e-03
3.597438719359680442e-03
3.602440720360180516e-03
3.607442721360681025e-03
3.612444722361181099e-03
3.617446723361681608e-03
3.622448724362181682e-03
3.627450725362682191e-03
3.632452726363182265e-03
3.637454727363682340e-03
3.642456728364182848e-03
3.647458729364682923e-03
3.652460730365183431e-03
3.657462731365683506e-03
3.662464732366183581e-03
3.667466733366684089e-03
3.672468734367184164e-03
3.677470735367684672e-03
3.682472736368184747e-03
3.687474737368684821e-03
3.692476738369185330e-03
3.697478739369685404e-03
3.702480740370185913e-03
3.707482741370685987e-03
3.712484742371186062e-03
3.717486743371686570e-03
3.722488744372186645e-03
3.727490745372687153e-03
3.732492746373187228e-03
3.737494747373687302e-03
3.742496748374187811e-03
3.747498749374687885e-03
3.752500750375188394e-03
3.757502751375688468e-03
3.762504752376188977e-03
3.767506753376689051e-03
3.772508754377189126e-03
3.777510755377689634e-03
3.782512756378189709e-03
3.787514757378690217e-03
3.792516758379190292e-03
3.797518759379690367e-03
3.802520760380190875e-03
3.807522761380690950e-03
3.812524762381191458e-03
3.817526763381691533e-03
3.822528764382191607e-03
3.827530765382692116e-03
3.832532766383192190e-03
3.837534767383692699e-03
3.842536768384192773e-03
3.847538769384692848e-03
3.852540770385193356e-03
3.857542771385693431e-03
3.862544772386193939e-03
3.867546773386694014e-03
3.872548774387194088e-03
3.877550775387694597e-03
3.882552776388194671e-03
3.887554777388695180e-03
3.892556778389195254e-03
3.897558779389695329e-03
3.902560780390195837e-03
3.907562781390695912e-03
3.912564782391196420e-03
3.917566783391696929e-03
3.922568784392196570e-03
3.927570785392697078e-03
3.932572786393197586e-03
3.937574787393697227e-03
3.942576788394197736e-03
3.947578789394698244e-03
3.952580790395197885e-03
3.957582791395698393e-03
3.962584792396198902e-03
3.967586793396699410e-03
3.972588794397199051e-03
3.977590795397699559e-03
3.982592796398200068e-03
3.987594797398699709e-03
3.992596798399200217e-03
3.997598799399700725e-03
4.002600800400200366e-03
4.007602801400700875e-03
4.012604802401201383e-03
4.017606803401701891e-03
4.022608804402201532e-03
4.027610805402702041e-03
4.032612806403202549e-03
4.037614807403702190e-03
4.042616808404202698e-03
4.047618809404703207e-03
4.052620810405203715e-03
4.057622811405703356e-03
4.062624812406203864e-03
4.067626813406704372e-03
4.072628814407204013e-03
4.077630815407704522e-03
4.082632816408205030e-03
4.087634817408704671e-03
4.092636818409205179e-03
4.097638819409705688e-03
4.102640820410206196e-03
4.107642821410705837e-03
4.112644822411206345e-03
4.117646823411706854e-03
4.122648824412206495e-03
4.127650825412707003e-03
4.132652826413207511e-03
4.137654827413707152e-03
4.142656828414207661e-03
4.147658829414708169e-03
4.152660830415208677e-03
4.157662831415708318e-03
4.162664832416208827e-03
4.167666833416709335e-03
4.172668834417208976e-03
4.177670835417709484e-03
4.182672836418209993e-03
4.187674837418710501e-03
4.192676838419210142e-03
4.197678839419710650e-03
4.202680840420211159e-03
4.207682841420710800e-03
4.212684842421211308e-03
4.217686843421711816e-03
4.222688844422211457e-03
4.227690845422711965e-03
4.232692846423212474e-03
4.237694847423712982e-03
4.242696848424212623e-03
4.247698849424713131e-03
4.252700850425213640e-03
4.257702851425713281e-03
4.262704852426213789e-03
4.267706853426714297e-03
4.272708854427213938e-03
4.277710855427714447e-03
4.282712856428214955e-03
4.287714857428715463e-03
4.292716858429215104e-03
4.297718859429715613e-03
4.302720860430216121e-03
4.307722861430715762e-03
4.312724862431216270e-03
4.317726863431716779e-03
4.322728864432217287e-03
4.327730865432716928e-03
4.332732866433217436e-03
4.337734867433717945e-03
4.342736868434217586e-03
4.347738869434718094e-03
4.352740870435218602e-03
4.357742871435718243e-03
4.362744872436218752e-03
4.367746873436719260e-03
4.372748874437219768e-03
4.377750875437719409e-03
4.382752876438219918e-03
4.387754877438720426e-03
4.392756878439220067e-03
4.397758879439720575e-03
4.402760880440221083e-03
4.407762881440720724e-03
4.412764882441221233e-03
4.417766883441721741e-03
4.422768884442222249e-03
4.427770885442721890e-03
4.432772886443222399e-03
4.437774887443722907e-03
4.442776888444222548e-03
4.447778889444723056e-03
4.452780890445223565e-03
4.457782891445723206e-03
4.462784892446223714e-03
4.467786893446724222e-03
4.472788894447224731e-03
4.477790895447724372e-03
4.482792896448224880e-03
4.487794897448725388e-03
4.492796898449225029e-03
4.497798899449725538e-03
4.502800900450226046e-03
4.507802901450726554e-03
4.512804902451226195e-03
4.517806903451726704e-03
4.522808904452227212e-03
4.527810905452726853e-03
4.532812906453227361e-03
4.537814907453727870e-03
4.542816908454227511e-03
4.547818909454728019e-03
4.552820910455228527e-03
4.557822911455729036e-03
4.562824912456228676e-03
4.567826913456729185e-03
4.572828914457229693e-03
4.577830915457729334e-03
4.582832916458229842e-03
4.587834917458730351e-03
4.592836918459229992e-03
4.597838919459730500e-03
4.602840920460231008e-03
4.607842921460731517e-03
4.612844922461231158e-03
4.617846923461731666e-03
4.622848924462232174e-03
4.627850925462731815e-03
4.632852926463232324e-03
4.637854927463732832e-03
4.642856928464232473e-03
4.647858929464732981e-03
4.652860930465233490e-03
4.657862931465733998e-03
4.662864932466233639e-03
4.667866933466734147e-03
4.672868934467234656e-03
4.677870935467734297e-03
4.682872936468234805e-03
4.687874937468735313e-03
4.692876938469235822e-03
4.697878939469735463e-03
4.702880940470235971e-03
4.707882941470736479e-03
4.712884942471236120e-03
4.717886943471736629e-03
4.722888944472237137e-03
4.727890945472736778e-03
4.732892946473237286e-03
4.737894947473737794e-03
4.742896948474238303e-03
4.747898949474737944e-03
4.752900950475238452e-03
4.757902951475738960e-03
4.762904952476238601e-03
4.767906953476739110e-03
4.772908954477239618e-03
4.777910955477739259e-03
4.782912956478239767e-03
4.787914957478740276e-03
4.792916958479240784e-03
4.797918959479740425e-03
4.802920960480240933e-03
4.807922961480741442e-03
4.812924962481241083e-03
4.817926963481741591e-03
4.822928964482242099e-03
4.827930965482742608e-03
4.832932966483242249e-03
4.837934967483742757e-03
4.842936968484243265e-03
4.847938969484742906e-03
4.852940970485243415e-03
4.857942971485743923e-03
4.862944972486243564e-03
4.867946973486744072e-03
4.872948974487244581e-03
4.877950975487745089e-03
4.882952976488244730e-03
4.887954977488745238e-03
4.892956978489245747e-03
4.897958979489745387e-03
4.902960980490245896e-03
4.907962981490746404e-03
4.912964982491246045e-03
4.917966983491746553e-03
4.922968984492247062e-03
4.927970985492747570e-03
4.932972986493247211e-03
4.937974987493747719e-03
4.942976988494248228e-03
4.947978989494747869e-03
4.952980990495248377e-03
4.957982991495748885e-03
4.962984992496249394e-03
4.967986993496749035e-03
4.972988994497249543e-03
4.977990995497750051e-03
4.982992996498249692e-03
4.987994997498750201e-03
4.992996998499250709e-03
4.997998999499750350e-03
5.003001000500250858e-03
5.008003001500751367e-03
5.013005002501251875e-03
5.018007003501751516e-03
5.023009004502252024e-03
5.028011005502752533e-03
5.033013006503252174e-03
5.038015007503752682e-03
5.043017008504253190e-03
5.048019009504752831e-03
5.053021010505253340e-03
5.058023011505753848e-03
5.063025012506254356e-03
5.068027013506753997e-03
5.073029014507254505e-03
5.078031015507755014e-03
5.083033016508254655e-03
5.088035017508755163e-03
5.093037018509255671e-03
5.098039019509755312e-03
5.103041020510255821e-03
5.108043021510756329e-03
5.113045022511256837e-03
5.118047023511756478e-03
5.123049024512256987e-03
5.128051025512757495e-03
5.133053026513257136e-03
5.138055027513757644e-03
5.143057028514258153e-03
5.148059029514758661e-03
5.153061030515258302e-03
5.158063031515758810e-03
5.163065032516259319e-03
5.168067033516758960e-03
5.173069034517259468e-03
5.178071035517759976e-03
5.183073036518259617e-03
5.188075037518760126e-03
5.193077038519260634e-03
5.198079039519761142e-03
5.203081040520260783e-03
5.208083041520761292e-03
5.213085042521261800e-03
5.218087043521761441e-03
5.223089044522261949e-03
5.228091045522762458e-03
5.233093046523262099e-03
5.238095047523762607e-03
5.243097048524263115e-03
5.248099049524763623e-03
5.253101050525263264e-03
5.258103051525763773e-03
5.263105052526264281e-03
5.268107053526763922e-03
5.273109054527264430e-03
5.278111055527764939e-03
5.283113056528264580e-03
5.288115057528765088e-03
5.293117058529265596e-03
5.298119059529766105e-03
5.303121060530265746e-03
5.308123061530766254e-03
5.313125062531266762e-03
5.318127063531766403e-03
5.323129064532266912e-03
5.328131065532767420e-03
5.333133066533267928e-03
5.338135067533767569e-03
5.343137068534268078e-03
5.348139069534768586e-03
5.353141070535268227e-03
5.358143071535768735e-03
5.363145072536269244e-03
5.368147073536768885e-03
5.373149074537269393e-03
5.378151075537769901e-03
5.383153076538270410e-03
5.388155077538770051e-03
5.393157078539270559e-03
5.398159079539771067e-03
5.403161080540270708e-03
5.408163081540771217e-03
5.413165082541271725e-03
5.418167083541771366e-03
5.423169084542271874e-03
5.428171085542772382e-03
5.433173086543272891e-03
5.438175087543772532e-03
5.443177088544273040e-03
5.448179089544773548e-03
5.453181090545273189e-03
5.458183091545773698e-03
5.463185092546274206e-03
5.468187093546774714e-03
5.473189094547274355e-03
5.478191095547774864e-03
5.483193096548275372e-03
5.488195097548775013e-03
5.493197098549275521e-03
5.498199099549776030e-03
5.503201100550275671e-03
5.508203101550776179e-03
5.513205102551276687e-03
5.518207103551777196e-03
5.523209104552276837e-03
5.528211105552777345e-03
5.533213106553277853e-03
5.538215107553777494e-03
5.543217108554278003e-03
5.548219109554778511e-03
5.553221110555278152e-03
5.558223111555778660e-03
5.563225112556279169e-03
5.568227113556779677e-03
5.573229114557279318e-03
5.578231115557779826e-03
5.583233116558280335e-03
5.588235117558779975e-03
5.593237118559280484e-03
5.598239119559780992e-03
5.603241120560281500e-03
5.608243121560781141e-03
5.613245122561281650e-03
5.618247123561782158e-03
5.623249124562281799e-03
5.628251125562782307e-03
5.633253126563282816e-03
5.638255127563782457e-03
5.643257128564282965e-03
5.648259129564783473e-03
5.653261130565283982e-03
5.658263131565783623e-03
5.663265132566284131e-03
5.668267133566784639e-03
5.673269134567284280e-03
5.678271135567784789e-03
5.683273136568285297e-03
5.688275137568784938e-03
5.693277138569285446e-03
5.698279139569785955e-03
5.703281140570286463e-03
5.708283141570786104e-03
5.713285142571286612e-03
5.718287143571787121e-03
5.723289144572286762e-03
5.728291145572787270e-03
5.733293146573287778e-03
5.738295147573787419e-03
5.743297148574287928e-03
5.748299149574788436e-03
5.753301150575288944e-03
5.758303151575788585e-03
5.763305152576289093e-03
5.768307153576789602e-03
5.773309154577289243e-03
5.778311155577789751e-03
5.783313156578290259e-03
5.788315157578790768e-03
5.793317158579290409e-03
5.798319159579790917e-03
5.803321160580291425e-03
5.808323161580791066e-03
5.813325162581291575e-03
5.818327163581792083e-03
5.823329164582291724e-03
5.828331165582792232e-03
5.833333166583292741e-03
5.838335167583793249e-03
5.843337168584292890e-03
5.848339169584793398e-03
5.853341170585293907e-03
5.858343171585793548e-03
5.863345172586294056e-03
5.868347173586794564e-03
5.873349174587294205e-03
5.878351175587794714e-03
5.883353176588295222e-03
5.888355177588795730e-03
5.893357178589295371e-03
5.898359179589795880e-03
5.903361180590296388e-03
5.908363181590796029e-03
5.913365182591296537e-03
5.918367183591797046e-03
5.923369184592296686e-03
5.928371185592797195e-03
5.933373186593297703e-03
5.938375187593798211e-03
5.943377188594297852e-03
5.948379189594798361e-03
5.953381190595298869e-03
5.958383191595798510e-03
5.963385192596299018e-03
5.968387193596799527e-03
5.973389194597300035e-03
5.978391195597799676e-03
5.983393196598300184e-03
5.988395197598800693e-03
5.993397198599300334e-03
5.998399199599800842e-03
6.003401200600301350e-03
6.008403201600800991e-03
6.013405202601301500e-03
6.018407203601802008e-03
6.023409204602302516e-03
6.028411205602802157e-03
6.033413206603302666e-03
6.038415207603803174e-03
6.043417208604302815e-03
6.048419209604803323e-03
6.053421210605303832e-03
6.058423211605803473e-03
6.063425212606303981e-03
6.068427213606804489e-03
6.073429214607304998e-03
6.078431215607804639e-03
6.083433216608305147e-03
6.088435217608805655e-03
6.093437218609305296e-03
6.098439219609805804e-03
6.103441220610306313e-03
6.108443221610806821e-03
6.113445222611306462e-03
6.118447223611806970e-03
6.123449224612307479e-03
6.128451225612807120e-03
6.133453226613307628e-03
6.138455227613808136e-03
6.143457228614307777e-03
6.148459229614808286e-03
6.153461230615308794e-03
6.158463231615809302e-03
6.163465232616308943e-03
6.168467233616809452e-03
6.173469234617309960e-03
6.178471235617809601e-03
6.183473236618310109e-03
6.188475237618810618e-03
6.193477238619310259e-03
6.198479239619810767e-03
6.203481240620311275e-03
6.208483241620811784e-03
6.213485242621311425e-03
6.218487243621811933e-03
6.223489244622312441e-03
6.228491245622812082e-03
6.233493246623312591e-03
6.238495247623813099e-03
6.243497248624313607e-03
6.248499249624813248e-03
6.253501250625313757e-03
6.258503251625814265e-03
6.263505252626313906e-03
6.268507253626814414e-03
6.273509254627314922e-03
6.278511255627814563e-03
6.283513256628315072e-03
6.288515257628815580e-03
6.293517258629316088e-03
6.298519259629815729e-03
6.303521260630316238e-03
6.308523261630816746e-03
6.313525262631316387e-03
6.318527263631816895e-03
6.323529264632317404e-03
6.328531265632817045e-03
6.333533266633317553e-03
6.338535267633818061e-03
6.343537268634318570e-03
6.348539269634818211e-03
6.353541270635318719e-03
6.358543271635819227e-03
6.363545272636318868e-03
6.368547273636819377e-03
6.373549274637319885e-03
6.378551275637819526e-03
6.383553276638320034e-03
6.388555277638820543e-03
6.393557278639321051e-03
6.398559279639820692e-03
6.403561280640321200e-03
6.408563281640821709e-03
6.413565282641321350e-03
6.418567283641821858e-03
6.423569284642322366e-03
6.428571285642822875e-03
6.433573286643322515e-03
6.438575287643823024e-03
6.443577288644323532e-03
6.448579289644823173e-03
6.453581290645323681e-03
6.458583291645824190e-03
6.463585292646323831e-03
6.468587293646824339e-03
6.473589294647324847e-03
6.478591295647825356e-03
6.483593296648324997e-03
6.488595297648825505e-03
6.493597298649326013e-03
6.498599299649825654e-03
6.503601300650326163e-03
6.508603301650826671e-03
6.513605302651326312e-03
6.518607303651826820e-03
6.523609304652327329e-03
6.528611305652827837e-03
6.533613306653327478e-03
6.538615307653827986e-03
6.543617308654328495e-03
6.548619309654828136e-03
6.553621310655328644e-03
6.558623311655829152e-03
6.563625312656328793e-03
6.568627313656829302e-03
6.573629314657329810e-03
6.578631315657830318e-03
6.583633316658329959e-03
6.588635317658830468e-03
6.593637318659330976e-03
6.598639319659830617e-03
6.603641320660331125e-03
6.608643321660831634e-03
6.613645322661332142e-03
6.618647323661831783e-03
6.623649324662332291e-03
6.628651325662832799e-03
6.633653326663332440e-03
6.638655327663832949e-03
6.643657328664333457e-03
6.648659329664833098e-03
6.653661330665333606e-03
6.658663331665834115e-03
6.663665332666334623e-03
6.668667333666834264e-03
6.673669334667334772e-03
6.678671335667835281e-03
6.683673336668334922e-03
6.688675337668835430e-03
6.693677338669335938e-03
6.698679339669835579e-03
6.703681340670336088e-03
6.708683341670836596e-03
6.713685342671337104e-03
6.718687343671836745e-03
6.723689344672337254e-03
6.728691345672837762e-03
6.733693346673337403e-03
6.738695347673837911e-03
6.743697348674338420e-03
6.748699349674838928e-03
6.753701350675338569e-03
6.758703351675839077e-03
6.763705352676339586e-03
6.768707353676839227e-03
6.773709354677339735e-03
6.778711355677840243e-03
6.783713356678339884e-03
6.788715357678840392e-03
6.793717358679340901e-03
6.798719359679841409e-03
6.803721360680341050e-03
6.808723361680841558e-03
6.813725362681342067e-03
6.818727363681841708e-03
6.823729364682342216e-03
6.828731365682842724e-03
6.833733366683342365e-03
6.838735367683842874e-03
6.843737368684343382e-03
6.848739369684843890e-03
6.853741370685343531e-03
6.858743371685844040e-03
6.863745372686344548e-03
6.868747373686844189e-03
6.873749374687344697e-03
6.878751375687845206e-03
6.883753376688345714e-03
6.888755377688845355e-03
6.893757378689345863e-03
6.898759379689846372e-03
6.903761380690346013e-03
6.908763381690846521e-03
6.913765382691347029e-03
6.918767383691846670e-03
6.923769384692347179e-03
6.928771385692847687e-03
6.933773386693348195e-03
6.938775387693847836e-03
6.943777388694348345e-03
6.948779389694848853e-03
6.953781390695348494e-03
6.958783391695849002e-03
6.963785392696349510e-03
6.968787393696849151e-03
6.973789394697349660e-03
6.978791395697850168e-03
6.983793396698350676e-03
6.988795397698850317e-03
6.993797398699350826e-03
6.998799399699851334e-03
7.003801400700350975e-03
7.008803401700851483e-03
7.013805402701351992e-03
7.018807403701851633e-03
7.023809404702352141e-03
7.028811405702852649e-03
7.033813406703353158e-03
7.038815407703852799e-03
7.043817408704353307e-03
7.048819409704853815e-03
7.053821410705353456e-03
7.058823411705853965e-03
7.063825412706354473e-03
7.068827413706854981e-03
7.073829414707354622e-03
7.078831415707855131e-03
7.083833416708355639e-03
7.088835417708855280e-03
7.093837418709355788e-03
7.098839419709856297e-03
7.103841420710355938e-03
7.108843421710856446e-03
7.113845422711356954e-03
7.118847423711857463e-03
7.123849424712357103e-03
7.128851425712857612e-03
7.133853426713358120e-03
7.138855427713857761e-03
7.143857428714358269e-03
7.148859429714858778e-03
7.153861430715358419e-03
7.158863431715858927e-03
7.163865432716359435e-03
7.168867433716859944e-03
7.173869434717359585e-03
7.178871435717860093e-03
7.183873436718360601e-03
7.188875437718860242e-03
7.193877438719360751e-03
7.198879439719861259e-03
7.203881440720360900e-03
7.208883441720861408e-03
7.213885442721361917e-03
7.218887443721862425e-03
7.223889444722362066e-03
7.228891445722862574e-03
7.233893446723363083e-03
7.238895447723862724e-03
7.243897448724363232e-03
7.248899449724863740e-03
7.253901450725364249e-03
7.258903451725863890e-03
7.263905452726364398e-03
7.268907453726864906e-03
7.273909454727364547e-03
7.278911455727865056e-03
7.283913456728365564e-03
7.288915457728865205e-03
7.293917458729365713e-03
7.298919459729866221e-03
7.303921460730366730e-03
7.308923461730866371e-03
7.313925462731366879e-03
7.318927463731867387e-03
7.323929464732367028e-03
7.328931465732867537e-03
7.333933466733368045e-03
7.338935467733867686e-03
7.343937468734368194e-03
7.348939469734868703e-03
7.353941470735369211e-03
7.358943471735868852e-03
7.363945472736369360e-03
7.368947473736869869e-03
7.373949474737369510e-03
7.378951475737870018e-03
7.383953476738370526e-03
7.388955477738871035e-03
7.393957478739370676e-03
7.398959479739871184e-03
7.403961480740371692e-03
7.408963481740871333e-03
7.413965482741371842e-03
7.418967483741872350e-03
7.423969484742371991e-03
7.428971485742872499e-03
7.433973486743373008e-03
7.438975487743873516e-03
7.443977488744373157e-03
7.448979489744873665e-03
7.453981490745374174e-03
7.458983491745873814e-03
7.463985492746374323e-03
7.468987493746874831e-03
7.473989494747374472e-03
7.478991495747874980e-03
7.483993496748375489e-03
7.488995497748875997e-03
7.493997498749375638e-03
7.498999499749876146e-03
7.504001500750376655e-03
7.509003501750876296e-03
7.514005502751376804e-03
7.519007503751877312e-03
7.524009504752377821e-03
7.529011505752877462e-03
7.534013506753377970e-03
7.539015507753878478e-03
7.544017508754378119e-03
7.549019509754878628e-03
7.554021510755379136e-03
7.559023511755878777e-03
7.564025512756379285e-03
7.569027513756879794e-03
7.574029514757380302e-03
7.579031515757879943e-03
7.584033516758380451e-03
7.589035517758880960e-03
7.594037518759380601e-03
7.599039519759881109e-03
7.604041520760381617e-03
7.609043521760881258e-03
7.614045522761381767e-03
7.619047523761882275e-03
7.624049524762382783e-03
7.629051525762882424e-03
7.634053526763382932e-03
7.639055527763883441e-03
7.644057528764383082e-03
7.649059529764883590e-03
7.654061530765384098e-03
7.659063531765883739e-03
7.664065532766384248e-03
7.669067533766884756e-03
7.674069534767385264e-03
7.679071535767884905e-03
7.684073536768385414e-03
7.689075537768885922e-03
7.694077538769385563e-03
7.699079539769886071e-03
7.704081540770386580e-03
7.709083541770887088e-03
7.714085542771386729e-03
7.719087543771887237e-03
7.724089544772387746e-03
7.729091545772887387e-03
7.734093546773387895e-03
7.739095547773888403e-03
7.744097548774388044e-03
7.749099549774888553e-03
7.754101550775389061e-03
7.759103551775889569e-03
7.764105552776389210e-03
7.769107553776889719e-03
7.774109554777390227e-03
7.779111555777889868e-03
7.784113556778390376e-03
7.789115557778890885e-03
7.794117558779390526e-03
7.799119559779891034e-03
7.804121560780391542e-03
7.809123561780892050e-03
7.814125562781390824e-03
7.819127563781891332e-03
7.824129564782391841e-03
7.829131565782892349e-03
7.834133566783392857e-03
7.839135567783891631e-03
7.844137568784392139e-03
7.849139569784892648e-03
7.854141570785393156e-03
7.859143571785893664e-03
7.864145572786394173e-03
7.869147573786894681e-03
7.874149574787393455e-03
7.879151575787893963e-03
7.884153576788394471e-03
7.889155577788894980e-03
7.894157578789395488e-03
7.899159579789895996e-03
7.904161580790394770e-03
7.909163581790895278e-03
7.914165582791395787e-03
7.919167583791896295e-03
7.924169584792396803e-03
7.929171585792897312e-03
7.934173586793397820e-03
7.939175587793896594e-03
7.944177588794397102e-03
7.949179589794897610e-03
7.954181590795398119e-03
7.959183591795898627e-03
7.964185592796399135e-03
7.969187593796899644e-03
7.974189594797398417e-03
7.979191595797898925e-03
7.984193596798399434e-03
7.989195597798899942e-03
7.994197598799400450e-03
7.999199599799900959e-03
8.004201600800399732e-03
8.009203601800900241e-03
8.014205602801400749e-03
8.019207603801901257e-03
8.024209604802401766e-03
8.029211605802902274e-03
8.034213606803402782e-03
8.039215607803901556e-03
8.044217608804402064e-03
8.049219609804902573e-03
8.054221610805403081e-03
8.059223611805903589e-03
8.064225612806404098e-03
8.069227613806904606e-03
8.074229614807403380e-03
8.079231615807903888e-03
8.084233616808404396e-03
8.089235617808904905e-03
8.094237618809405413e-03
8.099239619809905921e-03
8.104241620810406430e-03
8.109243621810905203e-03
8.114245622811405712e-03
8.119247623811906220e-03
8.124249624812406728e-03
8.129251625812907237e-03
8.134253626813407745e-03
8.139255627813906518e-03
8.144257628814407027e-03
8.149259629814907535e-03
8.154261630815408043e-03
8.159263631815908552e-03
8.164265632816409060e-03
8.169267633816909568e-03
8.174269634817408342e-03
8.179271635817908850e-03
8.184273636818409359e-03
8.189275637818909867e-03
8.194277638819410375e-03
8.199279639819910884e-03
8.204281640820411392e-03
8.209283641820910166e-03
8.214285642821410674e-03
8.219287643821911182e-03
8.224289644822411691e-03
8.229291645822912199e-03
8.234293646823412707e-03
8.239295647823913216e-03
8.244297648824411989e-03
8.249299649824912498e-03
8.254301650825413006e-03
8.259303651825913514e-03
8.264305652826414023e-03
8.269307653826914531e-03
8.274309654827413305e-03
8.279311655827913813e-03
8.284313656828414321e-03
8.289315657828914830e-03
8.294317658829415338e-03
8.299319659829915846e-03
8.304321660830416355e-03
8.309323661830915128e-03
8.314325662831415636e-03
8.319327663831916145e-03
8.324329664832416653e-03
8.329331665832917161e-03
8.334333666833417670e-03
8.339335667833918178e-03
8.344337668834416952e-03
8.349339669834917460e-03
8.354341670835417968e-03
8.359343671835918477e-03
8.364345672836418985e-03
8.369347673836919493e-03
8.374349674837420002e-03
8.379351675837918775e-03
8.384353676838419284e-03
8.389355677838919792e-03
8.394357678839420300e-03
8.399359679839920809e-03
8.404361680840421317e-03
8.409363681840920091e-03
8.414365682841420599e-03
8.419367683841921107e-03
8.424369684842421616e-03
8.429371685842922124e-03
8.434373686843422632e-03
8.439375687843923141e-03
8.444377688844421914e-03
8.449379689844922423e-03
8.454381690845422931e-03
8.459383691845923439e-03
8.464385692846423948e-03
8.469387693846924456e-03
8.474389694847424964e-03
8.479391695847923738e-03
8.484393696848424246e-03
8.489395697848924754e-03
8.494397698849425263e-03
8.499399699849925771e-03
8.504401700850426279e-03
8.509403701850926788e-03
8.514405702851425561e-03
8.519407703851926070e-03
8.524409704852426578e-03
8.529411705852927086e-03
8.534413706853427595e-03
8.539415707853928103e-03
8.544417708854426877e-03
8.549419709854927385e-03
8.554421710855427893e-03
8.559423711855928402e-03
8.564425712856428910e-03
8.569427713856929418e-03
8.574429714857429927e-03
8.579431715857928700e-03
8.584433716858429209e-03
8.589435717858929717e-03
8.594437718859430225e-03
8.599439719859930734e-03
8.604441720860431242e-03
8.609443721860931750e-03
8.614445722861430524e-03
8.619447723861931032e-03
8.624449724862431541e-03
8.629451725862932049e-03
8.634453726863432557e-03
8.639455727863933066e-03
8.644457728864433574e-03
8.649459729864932347e-03
8.654461730865432856e-03
8.659463731865933364e-03
8.664465732866433872e-03
8.669467733866934381e-03
8.674469734867434889e-03
8.679471735867933663e-03
8.684473736868434171e-03
8.689475737868934679e-03
8.694477738869435188e-03
8.699479739869935696e-03
8.704481740870436204e-03
8.709483741870936713e-03
8.714485742871435486e-03
8.719487743871935995e-03
8.724489744872436503e-03
8.729491745872937011e-03
8.734493746873437520e-03
8.739495747873938028e-03
8.744497748874438536e-03
8.749499749874937310e-03
8.754501750875437818e-03
8.759503751875938327e-03
8.764505752876438835e-03
8.769507753876939343e-03
8.774509754877439852e-03
8.779511755877938625e-03
8.784513756878439134e-03
8.789515757878939642e-03
8.794517758879440150e-03
8.799519759879940659e-03
8.804521760880441167e-03
8.809523761880941675e-03
8.814525762881440449e-03
8.819527763881940957e-03
8.824529764882441465e-03
8.829531765882941974e-03
8.834533766883442482e-03
8.839535767883942990e-03
8.844537768884443499e-03
8.849539769884942272e-03
8.854541770885442781e-03
8.859543771885943289e-03
8.864545772886443797e-03
8.869547773886944306e-03
8.874549774887444814e-03
8.879551775887945322e-03
8.884553776888444096e-03
8.889555777888944604e-03
8.894557778889445113e-03
8.899559779889945621e-03
8.904561780890446129e-03
8.909563781890946638e-03
8.914565782891445411e-03
8.919567783891945920e-03
8.924569784892446428e-03
8.929571785892946936e-03
8.934573786893447445e-03
8.939575787893947953e-03
8.944577788894448461e-03
8.949579789894947235e-03
8.954581790895447743e-03
8.959583791895948252e-03
8.964585792896448760e-03
8.969587793896949268e-03
8.974589794897449777e-03
8.979591795897950285e-03
8.984593796898449058e-03
8.989595797898949567e-03
8.994597798899450075e-03
8.999599799899950583e-03
9.004601800900451092e-03
9.009603801900951600e-03
9.014605802901452108e-03
9.019607803901950882e-03
9.024609804902451390e-03
9.029611805902951899e-03
9.034613806903452407e-03
9.039615807903952915e-03
9.044617808904453424e-03
9.049619809904952197e-03
9.054621810905452706e-03
9.059623811905953214e-03
9.064625812906453722e-03
9.069627813906954231e-03
9.074629814907454739e-03
9.079631815907955247e-03
9.084633816908454021e-03
9.089635817908954529e-03
9.094637818909455038e-03
9.099639819909955546e-03
9.104641820910456054e-03
9.109643821910956563e-03
9.114645822911457071e-03
9.119647823911955845e-03
9.124649824912456353e-03
9.129651825912956861e-03
9.134653826913457370e-03
9.139655827913957878e-03
9.144657828914458386e-03
9.149659829914958895e-03
9.154661830915457668e-03
9.159663831915958176e-03
9.164665832916458685e-03
9.169667833916959193e-03
9.174669834917459701e-03
9.179671835917960210e-03
9.184673836918458983e-03
9.189675837918959492e-03
9.194677838919460000e-03
9.199679839919960508e-03
9.204681840920461017e-03
9.209683841920961525e-03
9.214685842921462033e-03
9.219687843921960807e-03
9.224689844922461315e-03
9.229691845922961824e-03
9.234693846923462332e-03
9.239695847923962840e-03
9.244697848924463349e-03
9.249699849924963857e-03
9.254701850925462631e-03
9.259703851925963139e-03
9.264705852926463647e-03
9.269707853926964156e-03
9.274709854927464664e-03
9.279711855927965172e-03
9.284713856928463946e-03
9.289715857928964454e-03
9.294717858929464963e-03
9.299719859929965471e-03
9.304721860930465979e-03
9.309723861930966488e-03
9.314725862931466996e-03
9.319727863931965769e-03
9.324729864932466278e-03
9.329731865932966786e-03
9.334733866933467294e-03
9.339735867933967803e-03
9.344737868934468311e-03
9.349739869934968819e-03
9.354741870935467593e-03
9.359743871935968101e-03
9.364745872936468610e-03
9.369747873936969118e-03
9.374749874937469626e-03
9.379751875937970135e-03
9.384753876938470643e-03
9.389755877938969417e-03
9.394757878939469925e-03
9.399759879939970433e-03
9.404761880940470942e-03
9.409763881940971450e-03
9.414765882941471958e-03
9.419767883941970732e-03
9.424769884942471240e-03
9.429771885942971749e-03
9.434773886943472257e-03
9.439775887943972765e-03
9.444777888944473274e-03
9.449779889944973782e-03
9.454781890945472556e-03
9.459783891945973064e-03
9.464785892946473572e-03
9.469787893946974081e-03
9.474789894947474589e-03
9.479791895947975097e-03
9.484793896948475606e-03
9.489795897948974379e-03
9.494797898949474887e-03
9.499799899949975396e-03
9.504801900950475904e-03
9.509803901950976412e-03
9.514805902951476921e-03
9.519807903951977429e-03
9.524809904952476203e-03
9.529811905952976711e-03
9.534813906953477219e-03
9.539815907953977728e-03
9.544817908954478236e-03
9.549819909954978744e-03
9.554821910955477518e-03
9.559823911955978026e-03
9.564825912956478535e-03
9.569827913956979043e-03
9.574829914957479551e-03
9.579831915957980060e-03
9.584833916958480568e-03
9.589835917958979342e-03
9.594837918959479850e-03
9.599839919959980358e-03
9.604841920960480867e-03
9.609843921960981375e-03
9.614845922961481883e-03
9.619847923961982392e-03
9.624849924962481165e-03
9.629851925962981674e-03
9.634853926963482182e-03
9.639855927963982690e-03
9.644857928964483199e-03
9.649859929964983707e-03
9.654861930965484215e-03
9.659863931965982989e-03
9.664865932966483497e-03
9.669867933966984005e-03
9.674869934967484514e-03
9.679871935967985022e-03
9.684873936968485530e-03
9.689875937968984304e-03
9.694877938969484812e-03
9.699879939969985321e-03
9.704881940970485829e-03
9.709883941970986337e-03
9.714885942971486846e-03
9.719887943971987354e-03
9.724889944972486128e-03
9.729891945972986636e-03
9.734893946973487144e-03
9.739895947973987653e-03
9.744897948974488161e-03
9.749899949974988669e-03
9.754901950975489178e-03
9.759903951975987951e-03
9.764905952976488460e-03
9.769907953976988968e-03
9.774909954977489476e-03
9.779911955977989985e-03
9.784913956978490493e-03
9.789915957978991001e-03
9.794917958979489775e-03
9.799919959979990283e-03
9.804921960980490792e-03
9.809923961980991300e-03
9.814925962981491808e-03
9.819927963981992317e-03
9.824929964982491090e-03
9.829931965982991598e-03
9.834933966983492107e-03
9.839935967983992615e-03
9.844937968984493123e-03
9.849939969984993632e-03
9.854941970985494140e-03
9.859943971985992914e-03
9.864945972986493422e-03
9.869947973986993930e-03
9.874949974987494439e-03
9.879951975987994947e-03
9.884953976988495455e-03
9.889955977988995964e-03
9.894957978989494737e-03
9.899959979989995246e-03
9.904961980990495754e-03
9.909963981990996262e-03
9.914965982991496771e-03
9.919967983991997279e-03
9.924969984992497787e-03
9.929971985992996561e-03
9.934973986993497069e-03
9.939975987993997578e-03
9.944977988994498086e-03
9.949979989994998594e-03
9.954981990995499103e-03
9.959983991995997876e-03
9.964985992996498385e-03
9.969987993996998893e-03
9.974989994997499401e-03
9.979991995997999910e-03
9.984993996998500418e-03
9.989995997999000926e-03
9.994997998999499700e-03
1.000000000000000021e-02
